[114,[536871044],421.105,[[113,171966464],[99,41951232],[85,1375731712],[72,33591296],[61,1107296260],[52,33562628],[45,33558536],[38,33818624],[32,34082816],[26,100679680],[21,33595392],[17,34603520],[13,301998080],[10,33555520],[8,33556512],[6,167772224],[4,1107296257],[2,8589934592]]]
[100,[4228],186.075,[[113,171966464],[99,41951232],[85,1375731712],[72,33591296],[61,1107296260],[52,33562628],[45,33558536],[38,33818624],[32,34082816],[26,100679680],[21,33595392],[17,34603520],[13,301998080],[10,33555520],[8,33556512],[6,167772224],[4,1107296257],[2,8589934592]]]
[86,[16793728],47.1592,[[113,171966464],[99,41951232],[85,1375731712],[72,33591296],[61,1107296260],[52,33562628],[45,33558536],[38,33818624],[32,34082816],[26,100679680],[21,33595392],[17,34603520],[13,301998080],[10,33555520],[8,33556512],[6,167772224],[4,1107296257],[2,8589934592]]]
[73,[16520],874.02,[[113,171966464],[99,41951232],[85,1375731712],[72,33591296],[61,1107296260],[52,33562628],[45,33558536],[38,33818624],[32,34082816],[26,100679680],[21,33595392],[17,34603520],[13,301998080],[10,33555520],[8,33556512],[6,167772224],[4,1107296257],[2,8589934592]]]
[62,[136315008],436.837,[[113,171966464],[99,41951232],[85,1375731712],[72,33591296],[61,1107296260],[52,33562628],[45,33558536],[38,33818624],[32,34082816],[26,100679680],[21,33595392],[17,34603520],[13,301998080],[10,33555520],[8,33556512],[6,167772224],[4,1107296257],[2,8589934592]]]
[53,[33816704],400.673,[[113,171966464],[99,41951232],[85,1375731712],[72,33591296],[61,1107296260],[52,33562628],[45,33558536],[38,33818624],[32,34082816],[26,100679680],[21,33595392],[17,34603520],[13,301998080],[10,33555520],[8,33556512],[6,167772224],[4,1107296257],[2,8589934592]]]
[46,[131216],691.445,[[113,171966464],[99,41951232],[85,1375731712],[72,33591296],[61,1107296260],[52,33562628],[45,33558536],[38,33818624],[32,34082816],[26,100679680],[21,33595392],[17,34603520],[13,301998080],[10,33555520],[8,33556512],[6,167772224],[4,1107296257],[2,8589934592]]]
[39,[2228352],604.798,[[113,171966464],[99,41951232],[85,1375731712],[72,33591296],[61,1107296260],[52,33562628],[45,33558536],[38,33818624],[32,34082816],[26,100679680],[21,33595392],[17,34603520],[13,301998080],[10,33555520],[8,33556512],[6,167772224],[4,1107296257],[2,8589934592]]]
[33,[4718720],303.254,[[113,171966464],[99,41951232],[85,1375731712],[72,33591296],[61,1107296260],[52,33562628],[45,33558536],[38,33818624],[32,34082816],[26,100679680],[21,33595392],[17,34603520],[13,301998080],[10,33555520],[8,33556512],[6,167772224],[4,1107296257],[2,8589934592]]]
[27,[1073750144],985.804,[[113,171966464],[99,41951232],[85,1375731712],[72,33591296],[61,1107296260],[52,33562628],[45,33558536],[38,33818624],[32,34082816],[26,100679680],[21,33595392],[17,34603520],[13,301998080],[10,33555520],[8,33556512],[6,167772224],[4,1107296257],[2,8589934592]]]
[22,[2147485824],704.425,[[113,171966464],[99,41951232],[85,1375731712],[72,33591296],[61,1107296260],[52,33562628],[45,33558536],[38,33818624],[32,34082816],[26,100679680],[21,33595392],[17,34603520],[13,301998080],[10,33555520],[8,33556512],[6,167772224],[4,1107296257],[2,8589934592]]]
[18,[41088],306.428,[[113,171966464],[99,41951232],[85,1375731712],[72,33591296],[61,1107296260],[52,33562628],[45,33558536],[38,33818624],[32,34082816],[26,100679680],[21,33595392],[17,34603520],[13,301998080],[10,33555520],[8,33556512],[6,167772224],[4,1107296257],[2,8589934592]]]
[14,[17825920],964.111,[[113,171966464],[99,41951232],[85,1375731712],[72,33591296],[61,1107296260],[52,33562628],[45,33558536],[38,33818624],[32,34082816],[26,100679680],[21,33595392],[17,34603520],[13,301998080],[10,33555520],[8,33556512],[6,167772224],[4,1107296257],[2,8589934592]]]
[11,[2151678080],849.163,[[113,171966464],[99,41951232],[85,1375731712],[72,33591296],[61,1107296260],[52,33562628],[45,33558536],[38,33818624],[32,34082816],[26,100679680],[21,33595392],[17,34603520],[13,301998080],[10,33555520],[8,33556512],[6,167772224],[4,1107296257],[2,8589934592]]]
[9,[2097536],501.89,[[113,171966464],[99,41951232],[85,1375731712],[72,33591296],[61,1107296260],[52,33562628],[45,33558536],[38,33818624],[32,34082816],[26,100679680],[21,33595392],[17,34603520],[13,301998080],[10,33555520],[8,33556512],[6,167772224],[4,1107296257],[2,8589934592]]]
[7,[4195456],878.702,[[113,171966464],[99,41951232],[85,1375731712],[72,33591296],[61,1107296260],[52,33562628],[45,33558536],[38,33818624],[32,34082816],[26,100679680],[21,33595392],[17,34603520],[13,301998080],[10,33555520],[8,33556512],[6,167772224],[4,1107296257],[2,8589934592]]]
[5,[262784],291.877,[[113,171966464],[99,41951232],[85,1375731712],[72,33591296],[61,1107296260],[52,33562628],[45,33558536],[38,33818624],[32,34082816],[26,100679680],[21,33595392],[17,34603520],[13,301998080],[10,33555520],[8,33556512],[6,167772224],[4,1107296257],[2,8589934592]]]
[3,[805306496],996.983,[[113,171966464],[99,41951232],[85,1375731712],[72,33591296],[61,1107296260],[52,33562628],[45,33558536],[38,33818624],[32,34082816],[26,100679680],[21,33595392],[17,34603520],[13,301998080],[10,33555520],[8,33556512],[6,167772224],[4,1107296257],[2,8589934592]]]
[1,[4294967296],0,[[113,171966464],[99,41951232],[85,1375731712],[72,33591296],[61,1107296260],[52,33562628],[45,33558536],[38,33818624],[32,34082816],[26,100679680],[21,33595392],[17,34603520],[13,301998080],[10,33555520],[8,33556512],[6,167772224],[4,1107296257],[2,8589934592]]]
[113,[171966464],842.084,[[112,262401],[98,262161],[84,16809985],[71,268451841],[60,16781313],[51,65601],[44,8388611],[37,272629761],[31,17039361],[25,8209],[20,2147483713],[16,268500993],[12,17179869184]]]
[99,[41951232],779.242,[[112,262401],[98,262161],[84,16809985],[71,268451841],[60,16781313],[51,65601],[44,8388611],[37,272629761],[31,17039361],[25,8209],[20,2147483713],[16,268500993],[12,17179869184]]]
[85,[1375731712],246.235,[[112,262401],[98,262161],[84,16809985],[71,268451841],[60,16781313],[51,65601],[44,8388611],[37,272629761],[31,17039361],[25,8209],[20,2147483713],[16,268500993],[12,17179869184]]]
[72,[33591296],706.637,[[112,262401],[98,262161],[84,16809985],[71,268451841],[60,16781313],[51,65601],[44,8388611],[37,272629761],[31,17039361],[25,8209],[20,2147483713],[16,268500993],[12,17179869184]]]
[61,[1107296260],574.134,[[112,262401],[98,262161],[84,16809985],[71,268451841],[60,16781313],[51,65601],[44,8388611],[37,272629761],[31,17039361],[25,8209],[20,2147483713],[16,268500993],[12,17179869184]]]
[52,[33562628],816.955,[[112,262401],[98,262161],[84,16809985],[71,268451841],[60,16781313],[51,65601],[44,8388611],[37,272629761],[31,17039361],[25,8209],[20,2147483713],[16,268500993],[12,17179869184]]]
[45,[33558536],442.735,[[112,262401],[98,262161],[84,16809985],[71,268451841],[60,16781313],[51,65601],[44,8388611],[37,272629761],[31,17039361],[25,8209],[20,2147483713],[16,268500993],[12,17179869184]]]
[38,[33818624],855.513,[[112,262401],[98,262161],[84,16809985],[71,268451841],[60,16781313],[51,65601],[44,8388611],[37,272629761],[31,17039361],[25,8209],[20,2147483713],[16,268500993],[12,17179869184]]]
[32,[34082816],261.667,[[112,262401],[98,262161],[84,16809985],[71,268451841],[60,16781313],[51,65601],[44,8388611],[37,272629761],[31,17039361],[25,8209],[20,2147483713],[16,268500993],[12,17179869184]]]
[26,[100679680],378.794,[[112,262401],[98,262161],[84,16809985],[71,268451841],[60,16781313],[51,65601],[44,8388611],[37,272629761],[31,17039361],[25,8209],[20,2147483713],[16,268500993],[12,17179869184]]]
[21,[33595392],436.654,[[112,262401],[98,262161],[84,16809985],[71,268451841],[60,16781313],[51,65601],[44,8388611],[37,272629761],[31,17039361],[25,8209],[20,2147483713],[16,268500993],[12,17179869184]]]
[17,[34603520],65.6189,[[112,262401],[98,262161],[84,16809985],[71,268451841],[60,16781313],[51,65601],[44,8388611],[37,272629761],[31,17039361],[25,8209],[20,2147483713],[16,268500993],[12,17179869184]]]
[13,[301998080],787.915,[[112,262401],[98,262161],[84,16809985],[71,268451841],[60,16781313],[51,65601],[44,8388611],[37,272629761],[31,17039361],[25,8209],[20,2147483713],[16,268500993],[12,17179869184]]]
[10,[33555520],997.522,[[112,262401],[98,262161],[84,16809985],[71,268451841],[60,16781313],[51,65601],[44,8388611],[37,272629761],[31,17039361],[25,8209],[20,2147483713],[16,268500993],[12,17179869184]]]
[8,[33556512],873.687,[[112,262401],[98,262161],[84,16809985],[71,268451841],[60,16781313],[51,65601],[44,8388611],[37,272629761],[31,17039361],[25,8209],[20,2147483713],[16,268500993],[12,17179869184]]]
[6,[167772224],963.277,[[112,262401],[98,262161],[84,16809985],[71,268451841],[60,16781313],[51,65601],[44,8388611],[37,272629761],[31,17039361],[25,8209],[20,2147483713],[16,268500993],[12,17179869184]]]
[4,[1107296257],461.948,[[112,262401],[98,262161],[84,16809985],[71,268451841],[60,16781313],[51,65601],[44,8388611],[37,272629761],[31,17039361],[25,8209],[20,2147483713],[16,268500993],[12,17179869184]]]
[2,[8589934592],0,[[112,262401],[98,262161],[84,16809985],[71,268451841],[60,16781313],[51,65601],[44,8388611],[37,272629761],[31,17039361],[25,8209],[20,2147483713],[16,268500993],[12,17179869184]]]
[112,[262401],919.475,[[111,142608384],[97,8394752],[83,34820],[70,2099712],[59,2147493888],[50,2816],[43,1075841024],[36,1312768],[30,2148534272],[24,329728],[19,134219778],[15,34359738368]]]
[98,[262161],927.999,[[111,142608384],[97,8394752],[83,34820],[70,2099712],[59,2147493888],[50,2816],[43,1075841024],[36,1312768],[30,2148534272],[24,329728],[19,134219778],[15,34359738368]]]
[84,[16809985],253.669,[[111,142608384],[97,8394752],[83,34820],[70,2099712],[59,2147493888],[50,2816],[43,1075841024],[36,1312768],[30,2148534272],[24,329728],[19,134219778],[15,34359738368]]]
[71,[268451841],778.662,[[111,142608384],[97,8394752],[83,34820],[70,2099712],[59,2147493888],[50,2816],[43,1075841024],[36,1312768],[30,2148534272],[24,329728],[19,134219778],[15,34359738368]]]
[60,[16781313],255.768,[[111,142608384],[97,8394752],[83,34820],[70,2099712],[59,2147493888],[50,2816],[43,1075841024],[36,1312768],[30,2148534272],[24,329728],[19,134219778],[15,34359738368]]]
[51,[65601],315.013,[[111,142608384],[97,8394752],[83,34820],[70,2099712],[59,2147493888],[50,2816],[43,1075841024],[36,1312768],[30,2148534272],[24,329728],[19,134219778],[15,34359738368]]]
[44,[8388611],708.842,[[111,142608384],[97,8394752],[83,34820],[70,2099712],[59,2147493888],[50,2816],[43,1075841024],[36,1312768],[30,2148534272],[24,329728],[19,134219778],[15,34359738368]]]
[37,[272629761],818.651,[[111,142608384],[97,8394752],[83,34820],[70,2099712],[59,2147493888],[50,2816],[43,1075841024],[36,1312768],[30,2148534272],[24,329728],[19,134219778],[15,34359738368]]]
[31,[17039361],375.243,[[111,142608384],[97,8394752],[83,34820],[70,2099712],[59,2147493888],[50,2816],[43,1075841024],[36,1312768],[30,2148534272],[24,329728],[19,134219778],[15,34359738368]]]
[25,[8209],583.63,[[111,142608384],[97,8394752],[83,34820],[70,2099712],[59,2147493888],[50,2816],[43,1075841024],[36,1312768],[30,2148534272],[24,329728],[19,134219778],[15,34359738368]]]
[20,[2147483713],302.935,[[111,142608384],[97,8394752],[83,34820],[70,2099712],[59,2147493888],[50,2816],[43,1075841024],[36,1312768],[30,2148534272],[24,329728],[19,134219778],[15,34359738368]]]
[16,[268500993],244.971,[[111,142608384],[97,8394752],[83,34820],[70,2099712],[59,2147493888],[50,2816],[43,1075841024],[36,1312768],[30,2148534272],[24,329728],[19,134219778],[15,34359738368]]]
[12,[17179869184],0,[[111,142608384],[97,8394752],[83,34820],[70,2099712],[59,2147493888],[50,2816],[43,1075841024],[36,1312768],[30,2148534272],[24,329728],[19,134219778],[15,34359738368]]]
[111,[142608384],168.953,[[110,142606344],[96,134283520],[82,135790592],[69,134242304],[58,402653440],[49,135270400],[42,134250512],[35,419430400],[29,134218784],[23,68719476736]]]
[97,[8394752],78.4251,[[110,142606344],[96,134283520],[82,135790592],[69,134242304],[58,402653440],[49,135270400],[42,134250512],[35,419430400],[29,134218784],[23,68719476736]]]
[83,[34820],563.463,[[110,142606344],[96,134283520],[82,135790592],[69,134242304],[58,402653440],[49,135270400],[42,134250512],[35,419430400],[29,134218784],[23,68719476736]]]
[70,[2099712],119.818,[[110,142606344],[96,134283520],[82,135790592],[69,134242304],[58,402653440],[49,135270400],[42,134250512],[35,419430400],[29,134218784],[23,68719476736]]]
[59,[2147493888],316.802,[[110,142606344],[96,134283520],[82,135790592],[69,134242304],[58,402653440],[49,135270400],[42,134250512],[35,419430400],[29,134218784],[23,68719476736]]]
[50,[2816],418.041,[[110,142606344],[96,134283520],[82,135790592],[69,134242304],[58,402653440],[49,135270400],[42,134250512],[35,419430400],[29,134218784],[23,68719476736]]]
[43,[1075841024],818.245,[[110,142606344],[96,134283520],[82,135790592],[69,134242304],[58,402653440],[49,135270400],[42,134250512],[35,419430400],[29,134218784],[23,68719476736]]]
[36,[1312768],87.2254,[[110,142606344],[96,134283520],[82,135790592],[69,134242304],[58,402653440],[49,135270400],[42,134250512],[35,419430400],[29,134218784],[23,68719476736]]]
[30,[2148534272],445.738,[[110,142606344],[96,134283520],[82,135790592],[69,134242304],[58,402653440],[49,135270400],[42,134250512],[35,419430400],[29,134218784],[23,68719476736]]]
[24,[329728],906.987,[[110,142606344],[96,134283520],[82,135790592],[69,134242304],[58,402653440],[49,135270400],[42,134250512],[35,419430400],[29,134218784],[23,68719476736]]]
[19,[134219778],597.428,[[110,142606344],[96,134283520],[82,135790592],[69,134242304],[58,402653440],[49,135270400],[42,134250512],[35,419430400],[29,134218784],[23,68719476736]]]
[15,[34359738368],0,[[110,142606344],[96,134283520],[82,135790592],[69,134242304],[58,402653440],[49,135270400],[42,134250512],[35,419430400],[29,134218784],[23,68719476736]]]
[110,[142606344],490.854,[[109,268566592],[95,1179904],[81,2147615744],[68,1078067200],[57,1179664],[48,9568256],[41,131108],[34,131120],[28,137438953472]]]
[96,[134283520],500.481,[[109,268566592],[95,1179904],[81,2147615744],[68,1078067200],[57,1179664],[48,9568256],[41,131108],[34,131120],[28,137438953472]]]
[82,[135790592],446.553,[[109,268566592],[95,1179904],[81,2147615744],[68,1078067200],[57,1179664],[48,9568256],[41,131108],[34,131120],[28,137438953472]]]
[69,[134242304],257.212,[[109,268566592],[95,1179904],[81,2147615744],[68,1078067200],[57,1179664],[48,9568256],[41,131108],[34,131120],[28,137438953472]]]
[58,[402653440],264.843,[[109,268566592],[95,1179904],[81,2147615744],[68,1078067200],[57,1179664],[48,9568256],[41,131108],[34,131120],[28,137438953472]]]
[49,[135270400],12.6606,[[109,268566592],[95,1179904],[81,2147615744],[68,1078067200],[57,1179664],[48,9568256],[41,131108],[34,131120],[28,137438953472]]]
[42,[134250512],940.508,[[109,268566592],[95,1179904],[81,2147615744],[68,1078067200],[57,1179664],[48,9568256],[41,131108],[34,131120],[28,137438953472]]]
[35,[419430400],504.206,[[109,268566592],[95,1179904],[81,2147615744],[68,1078067200],[57,1179664],[48,9568256],[41,131108],[34,131120],[28,137438953472]]]
[29,[134218784],250.285,[[109,268566592],[95,1179904],[81,2147615744],[68,1078067200],[57,1179664],[48,9568256],[41,131108],[34,131120],[28,137438953472]]]
[23,[68719476736],0,[[109,268566592],[95,1179904],[81,2147615744],[68,1078067200],[57,1179664],[48,9568256],[41,131108],[34,131120],[28,137438953472]]]
[109,[268566592],293.822,[[108,5124],[94,16778752],[80,533504],[67,1312],[56,1073759232],[47,1282],[40,274877906944]]]
[95,[1179904],264.929,[[108,5124],[94,16778752],[80,533504],[67,1312],[56,1073759232],[47,1282],[40,274877906944]]]
[81,[2147615744],574.073,[[108,5124],[94,16778752],[80,533504],[67,1312],[56,1073759232],[47,1282],[40,274877906944]]]
[68,[1078067200],775.408,[[108,5124],[94,16778752],[80,533504],[67,1312],[56,1073759232],[47,1282],[40,274877906944]]]
[57,[1179664],434.961,[[108,5124],[94,16778752],[80,533504],[67,1312],[56,1073759232],[47,1282],[40,274877906944]]]
[48,[9568256],85.9005,[[108,5124],[94,16778752],[80,533504],[67,1312],[56,1073759232],[47,1282],[40,274877906944]]]
[41,[131108],941.671,[[108,5124],[94,16778752],[80,533504],[67,1312],[56,1073759232],[47,1282],[40,274877906944]]]
[34,[131120],670.089,[[108,5124],[94,16778752],[80,533504],[67,1312],[56,1073759232],[47,1282],[40,274877906944]]]
[28,[137438953472],0,[[108,5124],[94,16778752],[80,533504],[67,1312],[56,1073759232],[47,1282],[40,274877906944]]]
[108,[5124],165.978,[[107,1073840128],[93,33026],[79,32780],[66,49216],[55,549755813888]]]
[94,[16778752],430.201,[[107,1073840128],[93,33026],[79,32780],[66,49216],[55,549755813888]]]
[80,[533504],440.856,[[107,1073840128],[93,33026],[79,32780],[66,49216],[55,549755813888]]]
[67,[1312],190.74,[[107,1073840128],[93,33026],[79,32780],[66,49216],[55,549755813888]]]
[56,[1073759232],540.915,[[107,1073840128],[93,33026],[79,32780],[66,49216],[55,549755813888]]]
[47,[1282],10.2404,[[107,1073840128],[93,33026],[79,32780],[66,49216],[55,549755813888]]]
[40,[274877906944],0,[[107,1073840128],[93,33026],[79,32780],[66,49216],[55,549755813888]]]
[107,[1073840128],364.211,[[106,554172416],[92,2684354562],[78,541081600],[65,805306880],[54,1099511627776]]]
[93,[33026],763.93,[[106,554172416],[92,2684354562],[78,541081600],[65,805306880],[54,1099511627776]]]
[79,[32780],829.685,[[106,554172416],[92,2684354562],[78,541081600],[65,805306880],[54,1099511627776]]]
[66,[49216],643.704,[[106,554172416],[92,2684354562],[78,541081600],[65,805306880],[54,1099511627776]]]
[55,[549755813888],0,[[106,554172416],[92,2684354562],[78,541081600],[65,805306880],[54,1099511627776]]]
[106,[554172416],380.225,[[105,17039392],[91,3221225504],[77,2149580832],[64,2199023255552]]]
[92,[2684354562],385.694,[[105,17039392],[91,3221225504],[77,2149580832],[64,2199023255552]]]
[78,[541081600],441.955,[[105,17039392],[91,3221225504],[77,2149580832],[64,2199023255552]]]
[65,[805306880],429.866,[[105,17039392],[91,3221225504],[77,2149580832],[64,2199023255552]]]
[54,[1099511627776],0,[[105,17039392],[91,3221225504],[77,2149580832],[64,2199023255552]]]
[105,[17039392],378.954,[[104,2101252],[90,1077940224],[76,12800],[63,4398046511104]]]
[91,[3221225504],730.444,[[104,2101252],[90,1077940224],[76,12800],[63,4398046511104]]]
[77,[2149580832],621.933,[[104,2101252],[90,1077940224],[76,12800],[63,4398046511104]]]
[64,[2199023255552],0,[[104,2101252],[90,1077940224],[76,12800],[63,4398046511104]]]
[104,[2101252],850.099,[[103,2415919168],[89,268443712],[75,8796093022208]]]
[90,[1077940224],863.986,[[103,2415919168],[89,268443712],[75,8796093022208]]]
[76,[12800],643.251,[[103,2415919168],[89,268443712],[75,8796093022208]]]
[63,[4398046511104],0,[[103,2415919168],[89,268443712],[75,8796093022208]]]
[103,[2415919168],566.775,[[102,1074266624],[88,2883584],[74,17592186044416]]]
[89,[268443712],826.203,[[102,1074266624],[88,2883584],[74,17592186044416]]]
[75,[8796093022208],0,[[102,1074266624],[88,2883584],[74,17592186044416]]]
[102,[1074266624],974.711,[[101,75497476],[87,35184372088832]]]
[88,[2883584],483.311,[[101,75497476],[87,35184372088832]]]
[74,[17592186044416],0,[[101,75497476],[87,35184372088832]]]
[101,[75497476],952.738,[]]
[87,[35184372088832],0,[]]