[[536871044],421.105,[[171966464],[41951232],[1375731712],[33591296],[1107296260],[33562628],[33558536],[33818624],[34082816],[100679680],[33595392],[34603520],[301998080],[33555520],[33556512],[167772224],[1107296257],[8589934592]]]
[[4228],186.075,[[171966464],[41951232],[1375731712],[33591296],[1107296260],[33562628],[33558536],[33818624],[34082816],[100679680],[33595392],[34603520],[301998080],[33555520],[33556512],[167772224],[1107296257],[8589934592]]]
[[16793728],47.1592,[[171966464],[41951232],[1375731712],[33591296],[1107296260],[33562628],[33558536],[33818624],[34082816],[100679680],[33595392],[34603520],[301998080],[33555520],[33556512],[167772224],[1107296257],[8589934592]]]
[[16520],874.02,[[171966464],[41951232],[1375731712],[33591296],[1107296260],[33562628],[33558536],[33818624],[34082816],[100679680],[33595392],[34603520],[301998080],[33555520],[33556512],[167772224],[1107296257],[8589934592]]]
[[136315008],436.837,[[171966464],[41951232],[1375731712],[33591296],[1107296260],[33562628],[33558536],[33818624],[34082816],[100679680],[33595392],[34603520],[301998080],[33555520],[33556512],[167772224],[1107296257],[8589934592]]]
[[33816704],400.673,[[171966464],[41951232],[1375731712],[33591296],[1107296260],[33562628],[33558536],[33818624],[34082816],[100679680],[33595392],[34603520],[301998080],[33555520],[33556512],[167772224],[1107296257],[8589934592]]]
[[131216],691.445,[[171966464],[41951232],[1375731712],[33591296],[1107296260],[33562628],[33558536],[33818624],[34082816],[100679680],[33595392],[34603520],[301998080],[33555520],[33556512],[167772224],[1107296257],[8589934592]]]
[[2228352],604.798,[[171966464],[41951232],[1375731712],[33591296],[1107296260],[33562628],[33558536],[33818624],[34082816],[100679680],[33595392],[34603520],[301998080],[33555520],[33556512],[167772224],[1107296257],[8589934592]]]
[[4718720],303.254,[[171966464],[41951232],[1375731712],[33591296],[1107296260],[33562628],[33558536],[33818624],[34082816],[100679680],[33595392],[34603520],[301998080],[33555520],[33556512],[167772224],[1107296257],[8589934592]]]
[[1073750144],985.804,[[171966464],[41951232],[1375731712],[33591296],[1107296260],[33562628],[33558536],[33818624],[34082816],[100679680],[33595392],[34603520],[301998080],[33555520],[33556512],[167772224],[1107296257],[8589934592]]]
[[2147485824],704.425,[[171966464],[41951232],[1375731712],[33591296],[1107296260],[33562628],[33558536],[33818624],[34082816],[100679680],[33595392],[34603520],[301998080],[33555520],[33556512],[167772224],[1107296257],[8589934592]]]
[[41088],306.428,[[171966464],[41951232],[1375731712],[33591296],[1107296260],[33562628],[33558536],[33818624],[34082816],[100679680],[33595392],[34603520],[301998080],[33555520],[33556512],[167772224],[1107296257],[8589934592]]]
[[17825920],964.111,[[171966464],[41951232],[1375731712],[33591296],[1107296260],[33562628],[33558536],[33818624],[34082816],[100679680],[33595392],[34603520],[301998080],[33555520],[33556512],[167772224],[1107296257],[8589934592]]]
[[2151678080],849.163,[[171966464],[41951232],[1375731712],[33591296],[1107296260],[33562628],[33558536],[33818624],[34082816],[100679680],[33595392],[34603520],[301998080],[33555520],[33556512],[167772224],[1107296257],[8589934592]]]
[[2097536],501.89,[[171966464],[41951232],[1375731712],[33591296],[1107296260],[33562628],[33558536],[33818624],[34082816],[100679680],[33595392],[34603520],[301998080],[33555520],[33556512],[167772224],[1107296257],[8589934592]]]
[[4195456],878.702,[[171966464],[41951232],[1375731712],[33591296],[1107296260],[33562628],[33558536],[33818624],[34082816],[100679680],[33595392],[34603520],[301998080],[33555520],[33556512],[167772224],[1107296257],[8589934592]]]
[[262784],291.877,[[171966464],[41951232],[1375731712],[33591296],[1107296260],[33562628],[33558536],[33818624],[34082816],[100679680],[33595392],[34603520],[301998080],[33555520],[33556512],[167772224],[1107296257],[8589934592]]]
[[805306496],996.983,[[171966464],[41951232],[1375731712],[33591296],[1107296260],[33562628],[33558536],[33818624],[34082816],[100679680],[33595392],[34603520],[301998080],[33555520],[33556512],[167772224],[1107296257],[8589934592]]]
[[4294967296],0,[[171966464],[41951232],[1375731712],[33591296],[1107296260],[33562628],[33558536],[33818624],[34082816],[100679680],[33595392],[34603520],[301998080],[33555520],[33556512],[167772224],[1107296257],[8589934592]]]
[[171966464],842.084,[[262401],[262161],[16809985],[268451841],[16781313],[65601],[8388611],[272629761],[17039361],[8209],[2147483713],[268500993],[17179869184]]]
[[41951232],779.242,[[262401],[262161],[16809985],[268451841],[16781313],[65601],[8388611],[272629761],[17039361],[8209],[2147483713],[268500993],[17179869184]]]
[[1375731712],246.235,[[262401],[262161],[16809985],[268451841],[16781313],[65601],[8388611],[272629761],[17039361],[8209],[2147483713],[268500993],[17179869184]]]
[[33591296],706.637,[[262401],[262161],[16809985],[268451841],[16781313],[65601],[8388611],[272629761],[17039361],[8209],[2147483713],[268500993],[17179869184]]]
[[1107296260],574.134,[[262401],[262161],[16809985],[268451841],[16781313],[65601],[8388611],[272629761],[17039361],[8209],[2147483713],[268500993],[17179869184]]]
[[33562628],816.955,[[262401],[262161],[16809985],[268451841],[16781313],[65601],[8388611],[272629761],[17039361],[8209],[2147483713],[268500993],[17179869184]]]
[[33558536],442.735,[[262401],[262161],[16809985],[268451841],[16781313],[65601],[8388611],[272629761],[17039361],[8209],[2147483713],[268500993],[17179869184]]]
[[33818624],855.513,[[262401],[262161],[16809985],[268451841],[16781313],[65601],[8388611],[272629761],[17039361],[8209],[2147483713],[268500993],[17179869184]]]
[[34082816],261.667,[[262401],[262161],[16809985],[268451841],[16781313],[65601],[8388611],[272629761],[17039361],[8209],[2147483713],[268500993],[17179869184]]]
[[100679680],378.794,[[262401],[262161],[16809985],[268451841],[16781313],[65601],[8388611],[272629761],[17039361],[8209],[2147483713],[268500993],[17179869184]]]
[[33595392],436.654,[[262401],[262161],[16809985],[268451841],[16781313],[65601],[8388611],[272629761],[17039361],[8209],[2147483713],[268500993],[17179869184]]]
[[34603520],65.6189,[[262401],[262161],[16809985],[268451841],[16781313],[65601],[8388611],[272629761],[17039361],[8209],[2147483713],[268500993],[17179869184]]]
[[301998080],787.915,[[262401],[262161],[16809985],[268451841],[16781313],[65601],[8388611],[272629761],[17039361],[8209],[2147483713],[268500993],[17179869184]]]
[[33555520],997.522,[[262401],[262161],[16809985],[268451841],[16781313],[65601],[8388611],[272629761],[17039361],[8209],[2147483713],[268500993],[17179869184]]]
[[33556512],873.687,[[262401],[262161],[16809985],[268451841],[16781313],[65601],[8388611],[272629761],[17039361],[8209],[2147483713],[268500993],[17179869184]]]
[[167772224],963.277,[[262401],[262161],[16809985],[268451841],[16781313],[65601],[8388611],[272629761],[17039361],[8209],[2147483713],[268500993],[17179869184]]]
[[1107296257],461.948,[[262401],[262161],[16809985],[268451841],[16781313],[65601],[8388611],[272629761],[17039361],[8209],[2147483713],[268500993],[17179869184]]]
[[8589934592],0,[[262401],[262161],[16809985],[268451841],[16781313],[65601],[8388611],[272629761],[17039361],[8209],[2147483713],[268500993],[17179869184]]]
[[262401],919.475,[[142608384],[8394752],[34820],[2099712],[2147493888],[2816],[1075841024],[1312768],[2148534272],[329728],[134219778],[34359738368]]]
[[262161],927.999,[[142608384],[8394752],[34820],[2099712],[2147493888],[2816],[1075841024],[1312768],[2148534272],[329728],[134219778],[34359738368]]]
[[16809985],253.669,[[142608384],[8394752],[34820],[2099712],[2147493888],[2816],[1075841024],[1312768],[2148534272],[329728],[134219778],[34359738368]]]
[[268451841],778.662,[[142608384],[8394752],[34820],[2099712],[2147493888],[2816],[1075841024],[1312768],[2148534272],[329728],[134219778],[34359738368]]]
[[16781313],255.768,[[142608384],[8394752],[34820],[2099712],[2147493888],[2816],[1075841024],[1312768],[2148534272],[329728],[134219778],[34359738368]]]
[[65601],315.013,[[142608384],[8394752],[34820],[2099712],[2147493888],[2816],[1075841024],[1312768],[2148534272],[329728],[134219778],[34359738368]]]
[[8388611],708.842,[[142608384],[8394752],[34820],[2099712],[2147493888],[2816],[1075841024],[1312768],[2148534272],[329728],[134219778],[34359738368]]]
[[272629761],818.651,[[142608384],[8394752],[34820],[2099712],[2147493888],[2816],[1075841024],[1312768],[2148534272],[329728],[134219778],[34359738368]]]
[[17039361],375.243,[[142608384],[8394752],[34820],[2099712],[2147493888],[2816],[1075841024],[1312768],[2148534272],[329728],[134219778],[34359738368]]]
[[8209],583.63,[[142608384],[8394752],[34820],[2099712],[2147493888],[2816],[1075841024],[1312768],[2148534272],[329728],[134219778],[34359738368]]]
[[2147483713],302.935,[[142608384],[8394752],[34820],[2099712],[2147493888],[2816],[1075841024],[1312768],[2148534272],[329728],[134219778],[34359738368]]]
[[268500993],244.971,[[142608384],[8394752],[34820],[2099712],[2147493888],[2816],[1075841024],[1312768],[2148534272],[329728],[134219778],[34359738368]]]
[[17179869184],0,[[142608384],[8394752],[34820],[2099712],[2147493888],[2816],[1075841024],[1312768],[2148534272],[329728],[134219778],[34359738368]]]
[[142608384],168.953,[[142606344],[134283520],[135790592],[134242304],[402653440],[135270400],[134250512],[419430400],[134218784],[68719476736]]]
[[8394752],78.4251,[[142606344],[134283520],[135790592],[134242304],[402653440],[135270400],[134250512],[419430400],[134218784],[68719476736]]]
[[34820],563.463,[[142606344],[134283520],[135790592],[134242304],[402653440],[135270400],[134250512],[419430400],[134218784],[68719476736]]]
[[2099712],119.818,[[142606344],[134283520],[135790592],[134242304],[402653440],[135270400],[134250512],[419430400],[134218784],[68719476736]]]
[[2147493888],316.802,[[142606344],[134283520],[135790592],[134242304],[402653440],[135270400],[134250512],[419430400],[134218784],[68719476736]]]
[[2816],418.041,[[142606344],[134283520],[135790592],[134242304],[402653440],[135270400],[134250512],[419430400],[134218784],[68719476736]]]
[[1075841024],818.245,[[142606344],[134283520],[135790592],[134242304],[402653440],[135270400],[134250512],[419430400],[134218784],[68719476736]]]
[[1312768],87.2254,[[142606344],[134283520],[135790592],[134242304],[402653440],[135270400],[134250512],[419430400],[134218784],[68719476736]]]
[[2148534272],445.738,[[142606344],[134283520],[135790592],[134242304],[402653440],[135270400],[134250512],[419430400],[134218784],[68719476736]]]
[[329728],906.987,[[142606344],[134283520],[135790592],[134242304],[402653440],[135270400],[134250512],[419430400],[134218784],[68719476736]]]
[[134219778],597.428,[[142606344],[134283520],[135790592],[134242304],[402653440],[135270400],[134250512],[419430400],[134218784],[68719476736]]]
[[34359738368],0,[[142606344],[134283520],[135790592],[134242304],[402653440],[135270400],[134250512],[419430400],[134218784],[68719476736]]]
[[142606344],490.854,[[268566592],[1179904],[2147615744],[1078067200],[1179664],[9568256],[131108],[131120],[137438953472]]]
[[134283520],500.481,[[268566592],[1179904],[2147615744],[1078067200],[1179664],[9568256],[131108],[131120],[137438953472]]]
[[135790592],446.553,[[268566592],[1179904],[2147615744],[1078067200],[1179664],[9568256],[131108],[131120],[137438953472]]]
[[134242304],257.212,[[268566592],[1179904],[2147615744],[1078067200],[1179664],[9568256],[131108],[131120],[137438953472]]]
[[402653440],264.843,[[268566592],[1179904],[2147615744],[1078067200],[1179664],[9568256],[131108],[131120],[137438953472]]]
[[135270400],12.6606,[[268566592],[1179904],[2147615744],[1078067200],[1179664],[9568256],[131108],[131120],[137438953472]]]
[[134250512],940.508,[[268566592],[1179904],[2147615744],[1078067200],[1179664],[9568256],[131108],[131120],[137438953472]]]
[[419430400],504.206,[[268566592],[1179904],[2147615744],[1078067200],[1179664],[9568256],[131108],[131120],[137438953472]]]
[[134218784],250.285,[[268566592],[1179904],[2147615744],[1078067200],[1179664],[9568256],[131108],[131120],[137438953472]]]
[[68719476736],0,[[268566592],[1179904],[2147615744],[1078067200],[1179664],[9568256],[131108],[131120],[137438953472]]]
[[268566592],293.822,[[5124],[16778752],[533504],[1312],[1073759232],[1282],[274877906944]]]
[[1179904],264.929,[[5124],[16778752],[533504],[1312],[1073759232],[1282],[274877906944]]]
[[2147615744],574.073,[[5124],[16778752],[533504],[1312],[1073759232],[1282],[274877906944]]]
[[1078067200],775.408,[[5124],[16778752],[533504],[1312],[1073759232],[1282],[274877906944]]]
[[1179664],434.961,[[5124],[16778752],[533504],[1312],[1073759232],[1282],[274877906944]]]
[[9568256],85.9005,[[5124],[16778752],[533504],[1312],[1073759232],[1282],[274877906944]]]
[[131108],941.671,[[5124],[16778752],[533504],[1312],[1073759232],[1282],[274877906944]]]
[[131120],670.089,[[5124],[16778752],[533504],[1312],[1073759232],[1282],[274877906944]]]
[[137438953472],0,[[5124],[16778752],[533504],[1312],[1073759232],[1282],[274877906944]]]
[[5124],165.978,[[1073840128],[33026],[32780],[49216],[549755813888]]]
[[16778752],430.201,[[1073840128],[33026],[32780],[49216],[549755813888]]]
[[533504],440.856,[[1073840128],[33026],[32780],[49216],[549755813888]]]
[[1312],190.74,[[1073840128],[33026],[32780],[49216],[549755813888]]]
[[1073759232],540.915,[[1073840128],[33026],[32780],[49216],[549755813888]]]
[[1282],10.2404,[[1073840128],[33026],[32780],[49216],[549755813888]]]
[[274877906944],0,[[1073840128],[33026],[32780],[49216],[549755813888]]]
[[1073840128],364.211,[[554172416],[2684354562],[541081600],[805306880],[1099511627776]]]
[[33026],763.93,[[554172416],[2684354562],[541081600],[805306880],[1099511627776]]]
[[32780],829.685,[[554172416],[2684354562],[541081600],[805306880],[1099511627776]]]
[[49216],643.704,[[554172416],[2684354562],[541081600],[805306880],[1099511627776]]]
[[549755813888],0,[[554172416],[2684354562],[541081600],[805306880],[1099511627776]]]
[[554172416],380.225,[[17039392],[3221225504],[2149580832],[2199023255552]]]
[[2684354562],385.694,[[17039392],[3221225504],[2149580832],[2199023255552]]]
[[541081600],441.955,[[17039392],[3221225504],[2149580832],[2199023255552]]]
[[805306880],429.866,[[17039392],[3221225504],[2149580832],[2199023255552]]]
[[1099511627776],0,[[17039392],[3221225504],[2149580832],[2199023255552]]]
[[17039392],378.954,[[2101252],[1077940224],[12800],[4398046511104]]]
[[3221225504],730.444,[[2101252],[1077940224],[12800],[4398046511104]]]
[[2149580832],621.933,[[2101252],[1077940224],[12800],[4398046511104]]]
[[2199023255552],0,[[2101252],[1077940224],[12800],[4398046511104]]]
[[2101252],850.099,[[2415919168],[268443712],[8796093022208]]]
[[1077940224],863.986,[[2415919168],[268443712],[8796093022208]]]
[[12800],643.251,[[2415919168],[268443712],[8796093022208]]]
[[4398046511104],0,[[2415919168],[268443712],[8796093022208]]]
[[2415919168],566.775,[[1074266624],[2883584],[17592186044416]]]
[[268443712],826.203,[[1074266624],[2883584],[17592186044416]]]
[[8796093022208],0,[[1074266624],[2883584],[17592186044416]]]
[[1074266624],974.711,[[75497476],[35184372088832]]]
[[2883584],483.311,[[75497476],[35184372088832]]]
[[17592186044416],0,[[75497476],[35184372088832]]]
[[75497476],952.738,[]]
[[35184372088832],0,[]]