[0,[536871044],421.105,[[19,171966464],[20,41951232],[21,1375731712],[22,33591296],[23,1107296260],[24,33562628],[25,33558536],[26,33818624],[27,34082816],[28,100679680],[29,33595392],[30,34603520],[31,301998080],[32,33555520],[33,33556512],[34,167772224],[35,1107296257],[36,8589934592]]]
[1,[4228],186.075,[[19,171966464],[20,41951232],[21,1375731712],[22,33591296],[23,1107296260],[24,33562628],[25,33558536],[26,33818624],[27,34082816],[28,100679680],[29,33595392],[30,34603520],[31,301998080],[32,33555520],[33,33556512],[34,167772224],[35,1107296257],[36,8589934592]]]
[2,[16793728],47.1592,[[19,171966464],[20,41951232],[21,1375731712],[22,33591296],[23,1107296260],[24,33562628],[25,33558536],[26,33818624],[27,34082816],[28,100679680],[29,33595392],[30,34603520],[31,301998080],[32,33555520],[33,33556512],[34,167772224],[35,1107296257],[36,8589934592]]]
[3,[16520],874.02,[[19,171966464],[20,41951232],[21,1375731712],[22,33591296],[23,1107296260],[24,33562628],[25,33558536],[26,33818624],[27,34082816],[28,100679680],[29,33595392],[30,34603520],[31,301998080],[32,33555520],[33,33556512],[34,167772224],[35,1107296257],[36,8589934592]]]
[4,[136315008],436.837,[[19,171966464],[20,41951232],[21,1375731712],[22,33591296],[23,1107296260],[24,33562628],[25,33558536],[26,33818624],[27,34082816],[28,100679680],[29,33595392],[30,34603520],[31,301998080],[32,33555520],[33,33556512],[34,167772224],[35,1107296257],[36,8589934592]]]
[5,[33816704],400.673,[[19,171966464],[20,41951232],[21,1375731712],[22,33591296],[23,1107296260],[24,33562628],[25,33558536],[26,33818624],[27,34082816],[28,100679680],[29,33595392],[30,34603520],[31,301998080],[32,33555520],[33,33556512],[34,167772224],[35,1107296257],[36,8589934592]]]
[6,[131216],691.445,[[19,171966464],[20,41951232],[21,1375731712],[22,33591296],[23,1107296260],[24,33562628],[25,33558536],[26,33818624],[27,34082816],[28,100679680],[29,33595392],[30,34603520],[31,301998080],[32,33555520],[33,33556512],[34,167772224],[35,1107296257],[36,8589934592]]]
[7,[2228352],604.798,[[19,171966464],[20,41951232],[21,1375731712],[22,33591296],[23,1107296260],[24,33562628],[25,33558536],[26,33818624],[27,34082816],[28,100679680],[29,33595392],[30,34603520],[31,301998080],[32,33555520],[33,33556512],[34,167772224],[35,1107296257],[36,8589934592]]]
[8,[4718720],303.254,[[19,171966464],[20,41951232],[21,1375731712],[22,33591296],[23,1107296260],[24,33562628],[25,33558536],[26,33818624],[27,34082816],[28,100679680],[29,33595392],[30,34603520],[31,301998080],[32,33555520],[33,33556512],[34,167772224],[35,1107296257],[36,8589934592]]]
[9,[1073750144],985.804,[[19,171966464],[20,41951232],[21,1375731712],[22,33591296],[23,1107296260],[24,33562628],[25,33558536],[26,33818624],[27,34082816],[28,100679680],[29,33595392],[30,34603520],[31,301998080],[32,33555520],[33,33556512],[34,167772224],[35,1107296257],[36,8589934592]]]
[10,[2147485824],704.425,[[19,171966464],[20,41951232],[21,1375731712],[22,33591296],[23,1107296260],[24,33562628],[25,33558536],[26,33818624],[27,34082816],[28,100679680],[29,33595392],[30,34603520],[31,301998080],[32,33555520],[33,33556512],[34,167772224],[35,1107296257],[36,8589934592]]]
[11,[41088],306.428,[[19,171966464],[20,41951232],[21,1375731712],[22,33591296],[23,1107296260],[24,33562628],[25,33558536],[26,33818624],[27,34082816],[28,100679680],[29,33595392],[30,34603520],[31,301998080],[32,33555520],[33,33556512],[34,167772224],[35,1107296257],[36,8589934592]]]
[12,[17825920],964.111,[[19,171966464],[20,41951232],[21,1375731712],[22,33591296],[23,1107296260],[24,33562628],[25,33558536],[26,33818624],[27,34082816],[28,100679680],[29,33595392],[30,34603520],[31,301998080],[32,33555520],[33,33556512],[34,167772224],[35,1107296257],[36,8589934592]]]
[13,[2151678080],849.163,[[19,171966464],[20,41951232],[21,1375731712],[22,33591296],[23,1107296260],[24,33562628],[25,33558536],[26,33818624],[27,34082816],[28,100679680],[29,33595392],[30,34603520],[31,301998080],[32,33555520],[33,33556512],[34,167772224],[35,1107296257],[36,8589934592]]]
[14,[2097536],501.89,[[19,171966464],[20,41951232],[21,1375731712],[22,33591296],[23,1107296260],[24,33562628],[25,33558536],[26,33818624],[27,34082816],[28,100679680],[29,33595392],[30,34603520],[31,301998080],[32,33555520],[33,33556512],[34,167772224],[35,1107296257],[36,8589934592]]]
[15,[4195456],878.702,[[19,171966464],[20,41951232],[21,1375731712],[22,33591296],[23,1107296260],[24,33562628],[25,33558536],[26,33818624],[27,34082816],[28,100679680],[29,33595392],[30,34603520],[31,301998080],[32,33555520],[33,33556512],[34,167772224],[35,1107296257],[36,8589934592]]]
[16,[262784],291.877,[[19,171966464],[20,41951232],[21,1375731712],[22,33591296],[23,1107296260],[24,33562628],[25,33558536],[26,33818624],[27,34082816],[28,100679680],[29,33595392],[30,34603520],[31,301998080],[32,33555520],[33,33556512],[34,167772224],[35,1107296257],[36,8589934592]]]
[17,[805306496],996.983,[[19,171966464],[20,41951232],[21,1375731712],[22,33591296],[23,1107296260],[24,33562628],[25,33558536],[26,33818624],[27,34082816],[28,100679680],[29,33595392],[30,34603520],[31,301998080],[32,33555520],[33,33556512],[34,167772224],[35,1107296257],[36,8589934592]]]
[18,[4294967296],0,[[19,171966464],[20,41951232],[21,1375731712],[22,33591296],[23,1107296260],[24,33562628],[25,33558536],[26,33818624],[27,34082816],[28,100679680],[29,33595392],[30,34603520],[31,301998080],[32,33555520],[33,33556512],[34,167772224],[35,1107296257],[36,8589934592]]]
[19,[171966464],842.084,[[37,262401],[38,262161],[39,16809985],[40,268451841],[41,16781313],[42,65601],[43,8388611],[44,272629761],[45,17039361],[46,8209],[47,2147483713],[48,268500993],[49,17179869184]]]
[20,[41951232],779.242,[[37,262401],[38,262161],[39,16809985],[40,268451841],[41,16781313],[42,65601],[43,8388611],[44,272629761],[45,17039361],[46,8209],[47,2147483713],[48,268500993],[49,17179869184]]]
[21,[1375731712],246.235,[[37,262401],[38,262161],[39,16809985],[40,268451841],[41,16781313],[42,65601],[43,8388611],[44,272629761],[45,17039361],[46,8209],[47,2147483713],[48,268500993],[49,17179869184]]]
[22,[33591296],706.637,[[37,262401],[38,262161],[39,16809985],[40,268451841],[41,16781313],[42,65601],[43,8388611],[44,272629761],[45,17039361],[46,8209],[47,2147483713],[48,268500993],[49,17179869184]]]
[23,[1107296260],574.134,[[37,262401],[38,262161],[39,16809985],[40,268451841],[41,16781313],[42,65601],[43,8388611],[44,272629761],[45,17039361],[46,8209],[47,2147483713],[48,268500993],[49,17179869184]]]
[24,[33562628],816.955,[[37,262401],[38,262161],[39,16809985],[40,268451841],[41,16781313],[42,65601],[43,8388611],[44,272629761],[45,17039361],[46,8209],[47,2147483713],[48,268500993],[49,17179869184]]]
[25,[33558536],442.735,[[37,262401],[38,262161],[39,16809985],[40,268451841],[41,16781313],[42,65601],[43,8388611],[44,272629761],[45,17039361],[46,8209],[47,2147483713],[48,268500993],[49,17179869184]]]
[26,[33818624],855.513,[[37,262401],[38,262161],[39,16809985],[40,268451841],[41,16781313],[42,65601],[43,8388611],[44,272629761],[45,17039361],[46,8209],[47,2147483713],[48,268500993],[49,17179869184]]]
[27,[34082816],261.667,[[37,262401],[38,262161],[39,16809985],[40,268451841],[41,16781313],[42,65601],[43,8388611],[44,272629761],[45,17039361],[46,8209],[47,2147483713],[48,268500993],[49,17179869184]]]
[28,[100679680],378.794,[[37,262401],[38,262161],[39,16809985],[40,268451841],[41,16781313],[42,65601],[43,8388611],[44,272629761],[45,17039361],[46,8209],[47,2147483713],[48,268500993],[49,17179869184]]]
[29,[33595392],436.654,[[37,262401],[38,262161],[39,16809985],[40,268451841],[41,16781313],[42,65601],[43,8388611],[44,272629761],[45,17039361],[46,8209],[47,2147483713],[48,268500993],[49,17179869184]]]
[30,[34603520],65.6189,[[37,262401],[38,262161],[39,16809985],[40,268451841],[41,16781313],[42,65601],[43,8388611],[44,272629761],[45,17039361],[46,8209],[47,2147483713],[48,268500993],[49,17179869184]]]
[31,[301998080],787.915,[[37,262401],[38,262161],[39,16809985],[40,268451841],[41,16781313],[42,65601],[43,8388611],[44,272629761],[45,17039361],[46,8209],[47,2147483713],[48,268500993],[49,17179869184]]]
[32,[33555520],997.522,[[37,262401],[38,262161],[39,16809985],[40,268451841],[41,16781313],[42,65601],[43,8388611],[44,272629761],[45,17039361],[46,8209],[47,2147483713],[48,268500993],[49,17179869184]]]
[33,[33556512],873.687,[[37,262401],[38,262161],[39,16809985],[40,268451841],[41,16781313],[42,65601],[43,8388611],[44,272629761],[45,17039361],[46,8209],[47,2147483713],[48,268500993],[49,17179869184]]]
[34,[167772224],963.277,[[37,262401],[38,262161],[39,16809985],[40,268451841],[41,16781313],[42,65601],[43,8388611],[44,272629761],[45,17039361],[46,8209],[47,2147483713],[48,268500993],[49,17179869184]]]
[35,[1107296257],461.948,[[37,262401],[38,262161],[39,16809985],[40,268451841],[41,16781313],[42,65601],[43,8388611],[44,272629761],[45,17039361],[46,8209],[47,2147483713],[48,268500993],[49,17179869184]]]
[36,[8589934592],0,[[37,262401],[38,262161],[39,16809985],[40,268451841],[41,16781313],[42,65601],[43,8388611],[44,272629761],[45,17039361],[46,8209],[47,2147483713],[48,268500993],[49,17179869184]]]
[37,[262401],919.475,[[50,142608384],[51,8394752],[52,34820],[53,2099712],[54,2147493888],[55,2816],[56,1075841024],[57,1312768],[58,2148534272],[59,329728],[60,134219778],[61,34359738368]]]
[38,[262161],927.999,[[50,142608384],[51,8394752],[52,34820],[53,2099712],[54,2147493888],[55,2816],[56,1075841024],[57,1312768],[58,2148534272],[59,329728],[60,134219778],[61,34359738368]]]
[39,[16809985],253.669,[[50,142608384],[51,8394752],[52,34820],[53,2099712],[54,2147493888],[55,2816],[56,1075841024],[57,1312768],[58,2148534272],[59,329728],[60,134219778],[61,34359738368]]]
[40,[268451841],778.662,[[50,142608384],[51,8394752],[52,34820],[53,2099712],[54,2147493888],[55,2816],[56,1075841024],[57,1312768],[58,2148534272],[59,329728],[60,134219778],[61,34359738368]]]
[41,[16781313],255.768,[[50,142608384],[51,8394752],[52,34820],[53,2099712],[54,2147493888],[55,2816],[56,1075841024],[57,1312768],[58,2148534272],[59,329728],[60,134219778],[61,34359738368]]]
[42,[65601],315.013,[[50,142608384],[51,8394752],[52,34820],[53,2099712],[54,2147493888],[55,2816],[56,1075841024],[57,1312768],[58,2148534272],[59,329728],[60,134219778],[61,34359738368]]]
[43,[8388611],708.842,[[50,142608384],[51,8394752],[52,34820],[53,2099712],[54,2147493888],[55,2816],[56,1075841024],[57,1312768],[58,2148534272],[59,329728],[60,134219778],[61,34359738368]]]
[44,[272629761],818.651,[[50,142608384],[51,8394752],[52,34820],[53,2099712],[54,2147493888],[55,2816],[56,1075841024],[57,1312768],[58,2148534272],[59,329728],[60,134219778],[61,34359738368]]]
[45,[17039361],375.243,[[50,142608384],[51,8394752],[52,34820],[53,2099712],[54,2147493888],[55,2816],[56,1075841024],[57,1312768],[58,2148534272],[59,329728],[60,134219778],[61,34359738368]]]
[46,[8209],583.63,[[50,142608384],[51,8394752],[52,34820],[53,2099712],[54,2147493888],[55,2816],[56,1075841024],[57,1312768],[58,2148534272],[59,329728],[60,134219778],[61,34359738368]]]
[47,[2147483713],302.935,[[50,142608384],[51,8394752],[52,34820],[53,2099712],[54,2147493888],[55,2816],[56,1075841024],[57,1312768],[58,2148534272],[59,329728],[60,134219778],[61,34359738368]]]
[48,[268500993],244.971,[[50,142608384],[51,8394752],[52,34820],[53,2099712],[54,2147493888],[55,2816],[56,1075841024],[57,1312768],[58,2148534272],[59,329728],[60,134219778],[61,34359738368]]]
[49,[17179869184],0,[[50,142608384],[51,8394752],[52,34820],[53,2099712],[54,2147493888],[55,2816],[56,1075841024],[57,1312768],[58,2148534272],[59,329728],[60,134219778],[61,34359738368]]]
[50,[142608384],168.953,[[62,142606344],[63,134283520],[64,135790592],[65,134242304],[66,402653440],[67,135270400],[68,134250512],[69,419430400],[70,134218784],[71,68719476736]]]
[51,[8394752],78.4251,[[62,142606344],[63,134283520],[64,135790592],[65,134242304],[66,402653440],[67,135270400],[68,134250512],[69,419430400],[70,134218784],[71,68719476736]]]
[52,[34820],563.463,[[62,142606344],[63,134283520],[64,135790592],[65,134242304],[66,402653440],[67,135270400],[68,134250512],[69,419430400],[70,134218784],[71,68719476736]]]
[53,[2099712],119.818,[[62,142606344],[63,134283520],[64,135790592],[65,134242304],[66,402653440],[67,135270400],[68,134250512],[69,419430400],[70,134218784],[71,68719476736]]]
[54,[2147493888],316.802,[[62,142606344],[63,134283520],[64,135790592],[65,134242304],[66,402653440],[67,135270400],[68,134250512],[69,419430400],[70,134218784],[71,68719476736]]]
[55,[2816],418.041,[[62,142606344],[63,134283520],[64,135790592],[65,134242304],[66,402653440],[67,135270400],[68,134250512],[69,419430400],[70,134218784],[71,68719476736]]]
[56,[1075841024],818.245,[[62,142606344],[63,134283520],[64,135790592],[65,134242304],[66,402653440],[67,135270400],[68,134250512],[69,419430400],[70,134218784],[71,68719476736]]]
[57,[1312768],87.2254,[[62,142606344],[63,134283520],[64,135790592],[65,134242304],[66,402653440],[67,135270400],[68,134250512],[69,419430400],[70,134218784],[71,68719476736]]]
[58,[2148534272],445.738,[[62,142606344],[63,134283520],[64,135790592],[65,134242304],[66,402653440],[67,135270400],[68,134250512],[69,419430400],[70,134218784],[71,68719476736]]]
[59,[329728],906.987,[[62,142606344],[63,134283520],[64,135790592],[65,134242304],[66,402653440],[67,135270400],[68,134250512],[69,419430400],[70,134218784],[71,68719476736]]]
[60,[134219778],597.428,[[62,142606344],[63,134283520],[64,135790592],[65,134242304],[66,402653440],[67,135270400],[68,134250512],[69,419430400],[70,134218784],[71,68719476736]]]
[61,[34359738368],0,[[62,142606344],[63,134283520],[64,135790592],[65,134242304],[66,402653440],[67,135270400],[68,134250512],[69,419430400],[70,134218784],[71,68719476736]]]
[62,[142606344],490.854,[[72,268566592],[73,1179904],[74,2147615744],[75,1078067200],[76,1179664],[77,9568256],[78,131108],[79,131120],[80,137438953472]]]
[63,[134283520],500.481,[[72,268566592],[73,1179904],[74,2147615744],[75,1078067200],[76,1179664],[77,9568256],[78,131108],[79,131120],[80,137438953472]]]
[64,[135790592],446.553,[[72,268566592],[73,1179904],[74,2147615744],[75,1078067200],[76,1179664],[77,9568256],[78,131108],[79,131120],[80,137438953472]]]
[65,[134242304],257.212,[[72,268566592],[73,1179904],[74,2147615744],[75,1078067200],[76,1179664],[77,9568256],[78,131108],[79,131120],[80,137438953472]]]
[66,[402653440],264.843,[[72,268566592],[73,1179904],[74,2147615744],[75,1078067200],[76,1179664],[77,9568256],[78,131108],[79,131120],[80,137438953472]]]
[67,[135270400],12.6606,[[72,268566592],[73,1179904],[74,2147615744],[75,1078067200],[76,1179664],[77,9568256],[78,131108],[79,131120],[80,137438953472]]]
[68,[134250512],940.508,[[72,268566592],[73,1179904],[74,2147615744],[75,1078067200],[76,1179664],[77,9568256],[78,131108],[79,131120],[80,137438953472]]]
[69,[419430400],504.206,[[72,268566592],[73,1179904],[74,2147615744],[75,1078067200],[76,1179664],[77,9568256],[78,131108],[79,131120],[80,137438953472]]]
[70,[134218784],250.285,[[72,268566592],[73,1179904],[74,2147615744],[75,1078067200],[76,1179664],[77,9568256],[78,131108],[79,131120],[80,137438953472]]]
[71,[68719476736],0,[[72,268566592],[73,1179904],[74,2147615744],[75,1078067200],[76,1179664],[77,9568256],[78,131108],[79,131120],[80,137438953472]]]
[72,[268566592],293.822,[[81,5124],[82,16778752],[83,533504],[84,1312],[85,1073759232],[86,1282],[87,274877906944]]]
[73,[1179904],264.929,[[81,5124],[82,16778752],[83,533504],[84,1312],[85,1073759232],[86,1282],[87,274877906944]]]
[74,[2147615744],574.073,[[81,5124],[82,16778752],[83,533504],[84,1312],[85,1073759232],[86,1282],[87,274877906944]]]
[75,[1078067200],775.408,[[81,5124],[82,16778752],[83,533504],[84,1312],[85,1073759232],[86,1282],[87,274877906944]]]
[76,[1179664],434.961,[[81,5124],[82,16778752],[83,533504],[84,1312],[85,1073759232],[86,1282],[87,274877906944]]]
[77,[9568256],85.9005,[[81,5124],[82,16778752],[83,533504],[84,1312],[85,1073759232],[86,1282],[87,274877906944]]]
[78,[131108],941.671,[[81,5124],[82,16778752],[83,533504],[84,1312],[85,1073759232],[86,1282],[87,274877906944]]]
[79,[131120],670.089,[[81,5124],[82,16778752],[83,533504],[84,1312],[85,1073759232],[86,1282],[87,274877906944]]]
[80,[137438953472],0,[[81,5124],[82,16778752],[83,533504],[84,1312],[85,1073759232],[86,1282],[87,274877906944]]]
[81,[5124],165.978,[[88,1073840128],[89,33026],[90,32780],[91,49216],[92,549755813888]]]
[82,[16778752],430.201,[[88,1073840128],[89,33026],[90,32780],[91,49216],[92,549755813888]]]
[83,[533504],440.856,[[88,1073840128],[89,33026],[90,32780],[91,49216],[92,549755813888]]]
[84,[1312],190.74,[[88,1073840128],[89,33026],[90,32780],[91,49216],[92,549755813888]]]
[85,[1073759232],540.915,[[88,1073840128],[89,33026],[90,32780],[91,49216],[92,549755813888]]]
[86,[1282],10.2404,[[88,1073840128],[89,33026],[90,32780],[91,49216],[92,549755813888]]]
[87,[274877906944],0,[[88,1073840128],[89,33026],[90,32780],[91,49216],[92,549755813888]]]
[88,[1073840128],364.211,[[93,554172416],[94,2684354562],[95,541081600],[96,805306880],[97,1099511627776]]]
[89,[33026],763.93,[[93,554172416],[94,2684354562],[95,541081600],[96,805306880],[97,1099511627776]]]
[90,[32780],829.685,[[93,554172416],[94,2684354562],[95,541081600],[96,805306880],[97,1099511627776]]]
[91,[49216],643.704,[[93,554172416],[94,2684354562],[95,541081600],[96,805306880],[97,1099511627776]]]
[92,[549755813888],0,[[93,554172416],[94,2684354562],[95,541081600],[96,805306880],[97,1099511627776]]]
[93,[554172416],380.225,[[98,17039392],[99,3221225504],[100,2149580832],[101,2199023255552]]]
[94,[2684354562],385.694,[[98,17039392],[99,3221225504],[100,2149580832],[101,2199023255552]]]
[95,[541081600],441.955,[[98,17039392],[99,3221225504],[100,2149580832],[101,2199023255552]]]
[96,[805306880],429.866,[[98,17039392],[99,3221225504],[100,2149580832],[101,2199023255552]]]
[97,[1099511627776],0,[[98,17039392],[99,3221225504],[100,2149580832],[101,2199023255552]]]
[98,[17039392],378.954,[[102,2101252],[103,1077940224],[104,12800],[105,4398046511104]]]
[99,[3221225504],730.444,[[102,2101252],[103,1077940224],[104,12800],[105,4398046511104]]]
[100,[2149580832],621.933,[[102,2101252],[103,1077940224],[104,12800],[105,4398046511104]]]
[101,[2199023255552],0,[[102,2101252],[103,1077940224],[104,12800],[105,4398046511104]]]
[102,[2101252],850.099,[[106,2415919168],[107,268443712],[108,8796093022208]]]
[103,[1077940224],863.986,[[106,2415919168],[107,268443712],[108,8796093022208]]]
[104,[12800],643.251,[[106,2415919168],[107,268443712],[108,8796093022208]]]
[105,[4398046511104],0,[[106,2415919168],[107,268443712],[108,8796093022208]]]
[106,[2415919168],566.775,[[109,1074266624],[110,2883584],[111,17592186044416]]]
[107,[268443712],826.203,[[109,1074266624],[110,2883584],[111,17592186044416]]]
[108,[8796093022208],0,[[109,1074266624],[110,2883584],[111,17592186044416]]]
[109,[1074266624],974.711,[[112,75497476],[113,35184372088832]]]
[110,[2883584],483.311,[[112,75497476],[113,35184372088832]]]
[111,[17592186044416],0,[[112,75497476],[113,35184372088832]]]
[112,[75497476],952.738,[]]
[113,[35184372088832],0,[]]