[[262401],919.475,[[2684354562],[33026],[1282],[134219778],[8589934592]]]
[[262161],927.999,[[2684354562],[33026],[1282],[134219778],[8589934592]]]
[[16809985],253.669,[[2684354562],[33026],[1282],[134219778],[8589934592]]]
[[268451841],778.662,[[2684354562],[33026],[1282],[134219778],[8589934592]]]
[[16781313],255.768,[[2684354562],[33026],[1282],[134219778],[8589934592]]]
[[65601],315.013,[[2684354562],[33026],[1282],[134219778],[8589934592]]]
[[8388611],708.842,[[2684354562],[33026],[1282],[134219778],[8589934592]]]
[[272629761],818.651,[[2684354562],[33026],[1282],[134219778],[8589934592]]]
[[17039361],375.243,[[2684354562],[33026],[1282],[134219778],[8589934592]]]
[[8209],583.63,[[2684354562],[33026],[1282],[134219778],[8589934592]]]
[[2147483713],302.935,[[2684354562],[33026],[1282],[134219778],[8589934592]]]
[[268500993],244.971,[[2684354562],[33026],[1282],[134219778],[8589934592]]]
[[1107296257],461.948,[[2684354562],[33026],[1282],[134219778],[8589934592]]]
[[4294967296],0,[[2684354562],[33026],[1282],[134219778],[8589934592]]]
[[2684354562],385.694,[[536871044],[4228],[5124],[1107296260],[34820],[32780],[33562628],[75497476],[2101252],[131108],[17179869184]]]
[[33026],763.93,[[536871044],[4228],[5124],[1107296260],[34820],[32780],[33562628],[75497476],[2101252],[131108],[17179869184]]]
[[1282],10.2404,[[536871044],[4228],[5124],[1107296260],[34820],[32780],[33562628],[75497476],[2101252],[131108],[17179869184]]]
[[134219778],597.428,[[536871044],[4228],[5124],[1107296260],[34820],[32780],[33562628],[75497476],[2101252],[131108],[17179869184]]]
[[8589934592],0,[[536871044],[4228],[5124],[1107296260],[34820],[32780],[33562628],[75497476],[2101252],[131108],[17179869184]]]
[[536871044],421.105,[[142606344],[16520],[33558536],[34359738368]]]
[[4228],186.075,[[142606344],[16520],[33558536],[34359738368]]]
[[5124],165.978,[[142606344],[16520],[33558536],[34359738368]]]
[[1107296260],574.134,[[142606344],[16520],[33558536],[34359738368]]]
[[34820],563.463,[[142606344],[16520],[33558536],[34359738368]]]
[[32780],829.685,[[142606344],[16520],[33558536],[34359738368]]]
[[33562628],816.955,[[142606344],[16520],[33558536],[34359738368]]]
[[75497476],952.738,[[142606344],[16520],[33558536],[34359738368]]]
[[2101252],850.099,[[142606344],[16520],[33558536],[34359738368]]]
[[131108],941.671,[[142606344],[16520],[33558536],[34359738368]]]
[[17179869184],0,[[142606344],[16520],[33558536],[34359738368]]]
[[142606344],490.854,[[131216],[1179664],[134250512],[131120],[68719476736]]]
[[16520],874.02,[[131216],[1179664],[134250512],[131120],[68719476736]]]
[[33558536],442.735,[[131216],[1179664],[134250512],[131120],[68719476736]]]
[[34359738368],0,[[131216],[1179664],[134250512],[131120],[68719476736]]]
[[131216],691.445,[[17039392],[3221225504],[1312],[33556512],[134218784],[2149580832],[137438953472]]]
[[1179664],434.961,[[17039392],[3221225504],[1312],[33556512],[134218784],[2149580832],[137438953472]]]
[[134250512],940.508,[[17039392],[3221225504],[1312],[33556512],[134218784],[2149580832],[137438953472]]]
[[131120],670.089,[[17039392],[3221225504],[1312],[33556512],[134218784],[2149580832],[137438953472]]]
[[68719476736],0,[[17039392],[3221225504],[1312],[33556512],[134218784],[2149580832],[137438953472]]]
[[17039392],378.954,[[268566592],[49216],[2415919168],[33555520],[167772224],[268443712],[274877906944]]]
[[3221225504],730.444,[[268566592],[49216],[2415919168],[33555520],[167772224],[268443712],[274877906944]]]
[[1312],190.74,[[268566592],[49216],[2415919168],[33555520],[167772224],[268443712],[274877906944]]]
[[33556512],873.687,[[268566592],[49216],[2415919168],[33555520],[167772224],[268443712],[274877906944]]]
[[134218784],250.285,[[268566592],[49216],[2415919168],[33555520],[167772224],[268443712],[274877906944]]]
[[2149580832],621.933,[[268566592],[49216],[2415919168],[33555520],[167772224],[268443712],[274877906944]]]
[[137438953472],0,[[268566592],[49216],[2415919168],[33555520],[167772224],[268443712],[274877906944]]]
[[268566592],293.822,[[16793728],[136315008],[33816704],[2228352],[4718720],[1073750144],[2147485824],[41088],[17825920],[2151678080],[2097536],[4195456],[262784],[805306496],[549755813888]]]
[[49216],643.704,[[16793728],[136315008],[33816704],[2228352],[4718720],[1073750144],[2147485824],[41088],[17825920],[2151678080],[2097536],[4195456],[262784],[805306496],[549755813888]]]
[[2415919168],566.775,[[16793728],[136315008],[33816704],[2228352],[4718720],[1073750144],[2147485824],[41088],[17825920],[2151678080],[2097536],[4195456],[262784],[805306496],[549755813888]]]
[[33555520],997.522,[[16793728],[136315008],[33816704],[2228352],[4718720],[1073750144],[2147485824],[41088],[17825920],[2151678080],[2097536],[4195456],[262784],[805306496],[549755813888]]]
[[167772224],963.277,[[16793728],[136315008],[33816704],[2228352],[4718720],[1073750144],[2147485824],[41088],[17825920],[2151678080],[2097536],[4195456],[262784],[805306496],[549755813888]]]
[[268443712],826.203,[[16793728],[136315008],[33816704],[2228352],[4718720],[1073750144],[2147485824],[41088],[17825920],[2151678080],[2097536],[4195456],[262784],[805306496],[549755813888]]]
[[274877906944],0,[[16793728],[136315008],[33816704],[2228352],[4718720],[1073750144],[2147485824],[41088],[17825920],[2151678080],[2097536],[4195456],[262784],[805306496],[549755813888]]]
[[16793728],47.1592,[[1179904],[134283520],[2816],[402653440],[1099511627776]]]
[[136315008],436.837,[[1179904],[134283520],[2816],[402653440],[1099511627776]]]
[[33816704],400.673,[[1179904],[134283520],[2816],[402653440],[1099511627776]]]
[[2228352],604.798,[[1179904],[134283520],[2816],[402653440],[1099511627776]]]
[[4718720],303.254,[[1179904],[134283520],[2816],[402653440],[1099511627776]]]
[[1073750144],985.804,[[1179904],[134283520],[2816],[402653440],[1099511627776]]]
[[2147485824],704.425,[[1179904],[134283520],[2816],[402653440],[1099511627776]]]
[[41088],306.428,[[1179904],[134283520],[2816],[402653440],[1099511627776]]]
[[17825920],964.111,[[1179904],[134283520],[2816],[402653440],[1099511627776]]]
[[2151678080],849.163,[[1179904],[134283520],[2816],[402653440],[1099511627776]]]
[[2097536],501.89,[[1179904],[134283520],[2816],[402653440],[1099511627776]]]
[[4195456],878.702,[[1179904],[134283520],[2816],[402653440],[1099511627776]]]
[[262784],291.877,[[1179904],[134283520],[2816],[402653440],[1099511627776]]]
[[805306496],996.983,[[1179904],[134283520],[2816],[402653440],[1099511627776]]]
[[549755813888],0,[[1179904],[134283520],[2816],[402653440],[1099511627776]]]
[[1179904],264.929,[[16778752],[1074266624],[2099712],[34603520],[12800],[805306880],[2199023255552]]]
[[134283520],500.481,[[16778752],[1074266624],[2099712],[34603520],[12800],[805306880],[2199023255552]]]
[[2816],418.041,[[16778752],[1074266624],[2099712],[34603520],[12800],[805306880],[2199023255552]]]
[[402653440],264.843,[[16778752],[1074266624],[2099712],[34603520],[12800],[805306880],[2199023255552]]]
[[1099511627776],0,[[16778752],[1074266624],[2099712],[34603520],[12800],[805306880],[2199023255552]]]
[[16778752],430.201,[[2147615744],[533504],[1073759232],[4398046511104]]]
[[1074266624],974.711,[[2147615744],[533504],[1073759232],[4398046511104]]]
[[2099712],119.818,[[2147615744],[533504],[1073759232],[4398046511104]]]
[[34603520],65.6189,[[2147615744],[533504],[1073759232],[4398046511104]]]
[[12800],643.251,[[2147615744],[533504],[1073759232],[4398046511104]]]
[[805306880],429.866,[[2147615744],[533504],[1073759232],[4398046511104]]]
[[2199023255552],0,[[2147615744],[533504],[1073759232],[4398046511104]]]
[[2147615744],574.073,[[142608384],[8394752],[2147493888],[33818624],[1075841024],[1312768],[2148534272],[329728],[8796093022208]]]
[[533504],440.856,[[142608384],[8394752],[2147493888],[33818624],[1075841024],[1312768],[2148534272],[329728],[8796093022208]]]
[[1073759232],540.915,[[142608384],[8394752],[2147493888],[33818624],[1075841024],[1312768],[2148534272],[329728],[8796093022208]]]
[[4398046511104],0,[[142608384],[8394752],[2147493888],[33818624],[1075841024],[1312768],[2148534272],[329728],[8796093022208]]]
[[142608384],168.953,[[33591296],[34082816],[135270400],[1077940224],[17592186044416]]]
[[8394752],78.4251,[[33591296],[34082816],[135270400],[1077940224],[17592186044416]]]
[[2147493888],316.802,[[33591296],[34082816],[135270400],[1077940224],[17592186044416]]]
[[33818624],855.513,[[33591296],[34082816],[135270400],[1077940224],[17592186044416]]]
[[1075841024],818.245,[[33591296],[34082816],[135270400],[1077940224],[17592186044416]]]
[[1312768],87.2254,[[33591296],[34082816],[135270400],[1077940224],[17592186044416]]]
[[2148534272],445.738,[[33591296],[34082816],[135270400],[1077940224],[17592186044416]]]
[[329728],906.987,[[33591296],[34082816],[135270400],[1077940224],[17592186044416]]]
[[8796093022208],0,[[33591296],[34082816],[135270400],[1077940224],[17592186044416]]]
[[33591296],706.637,[[41951232],[134242304],[33595392],[301998080],[35184372088832]]]
[[34082816],261.667,[[41951232],[134242304],[33595392],[301998080],[35184372088832]]]
[[135270400],12.6606,[[41951232],[134242304],[33595392],[301998080],[35184372088832]]]
[[1077940224],863.986,[[41951232],[134242304],[33595392],[301998080],[35184372088832]]]
[[17592186044416],0,[[41951232],[134242304],[33595392],[301998080],[35184372088832]]]
[[41951232],779.242,[[541081600],[100679680],[70368744177664]]]
[[134242304],257.212,[[541081600],[100679680],[70368744177664]]]
[[33595392],436.654,[[541081600],[100679680],[70368744177664]]]
[[301998080],787.915,[[541081600],[100679680],[70368744177664]]]
[[35184372088832],0,[[541081600],[100679680],[70368744177664]]]
[[541081600],441.955,[[1073840128],[140737488355328]]]
[[100679680],378.794,[[1073840128],[140737488355328]]]
[[70368744177664],0,[[1073840128],[140737488355328]]]
[[1073840128],364.211,[[1078067200],[9568256],[281474976710656]]]
[[140737488355328],0,[[1078067200],[9568256],[281474976710656]]]
[[1078067200],775.408,[[2883584],[562949953421312]]]
[[9568256],85.9005,[[2883584],[562949953421312]]]
[[281474976710656],0,[[2883584],[562949953421312]]]
[[2883584],483.311,[[554172416],[135790592],[1125899906842624]]]
[[562949953421312],0,[[554172416],[135790592],[1125899906842624]]]
[[554172416],380.225,[[171966464],[2251799813685248]]]
[[135790592],446.553,[[171966464],[2251799813685248]]]
[[1125899906842624],0,[[171966464],[2251799813685248]]]
[[171966464],842.084,[[419430400],[4503599627370496]]]
[[2251799813685248],0,[[419430400],[4503599627370496]]]
[[419430400],504.206,[[1375731712],[9007199254740992]]]
[[4503599627370496],0,[[1375731712],[9007199254740992]]]
[[1375731712],246.235,[]]
[[9007199254740992],0,[]]