[0,[0,0,0,563224831328256,32],61.7919,[[6,0,18432,140737488355328,0,0],[7,0,278528,4611686018427387904,0,0],[8,0,16384,0,64,1073741824],[9,0,16384,0,34359869440,0],[10,0,4398048624640,0,0,0],[11,2,0,0,0,0]]]
[1,[0,34359738368,0,274877906944,524288],805.781,[[6,0,18432,140737488355328,0,0],[7,0,278528,4611686018427387904,0,0],[8,0,16384,0,64,1073741824],[9,0,16384,0,34359869440,0],[10,0,4398048624640,0,0,0],[11,2,0,0,0,0]]]
[2,[0,2147483648,4,274877906944,0],957.434,[[6,0,18432,140737488355328,0,0],[7,0,278528,4611686018427387904,0,0],[8,0,16384,0,64,1073741824],[9,0,16384,0,34359869440,0],[10,0,4398048624640,0,0,0],[11,2,0,0,0,0]]]
[3,[0,2251799813685248,0,343597383680,0],128.128,[[6,0,18432,140737488355328,0,0],[7,0,278528,4611686018427387904,0,0],[8,0,16384,0,64,1073741824],[9,0,16384,0,34359869440,0],[10,0,4398048624640,0,0,0],[11,2,0,0,0,0]]]
[4,[0,16,0,274877906944,1048576],53.2982,[[6,0,18432,140737488355328,0,0],[7,0,278528,4611686018427387904,0,0],[8,0,16384,0,64,1073741824],[9,0,16384,0,34359869440,0],[10,0,4398048624640,0,0,0],[11,2,0,0,0,0]]]
[5,[1,0,0,0,0],0,[[6,0,18432,140737488355328,0,0],[7,0,278528,4611686018427387904,0,0],[8,0,16384,0,64,1073741824],[9,0,16384,0,34359869440,0],[10,0,4398048624640,0,0,0],[11,2,0,0,0,0]]]
[6,[0,18432,140737488355328,0,0],950.158,[[12,0,4503599627370496,0,281474976710656,2305843009213693952],[13,0,22517998136852480,1125899906842624,0,0],[14,0,4503599627370496,4096,8,0],[15,0,4503599627370496,72057594038452224,0,0],[16,0,4503599627370496,1024,0,2251799813685248],[17,4,0,0,0,0]]]
[7,[0,278528,4611686018427387904,0,0],492.227,[[12,0,4503599627370496,0,281474976710656,2305843009213693952],[13,0,22517998136852480,1125899906842624,0,0],[14,0,4503599627370496,4096,8,0],[15,0,4503599627370496,72057594038452224,0,0],[16,0,4503599627370496,1024,0,2251799813685248],[17,4,0,0,0,0]]]
[8,[0,16384,0,64,1073741824],472.416,[[12,0,4503599627370496,0,281474976710656,2305843009213693952],[13,0,22517998136852480,1125899906842624,0,0],[14,0,4503599627370496,4096,8,0],[15,0,4503599627370496,72057594038452224,0,0],[16,0,4503599627370496,1024,0,2251799813685248],[17,4,0,0,0,0]]]
[9,[0,16384,0,34359869440,0],69.3912,[[12,0,4503599627370496,0,281474976710656,2305843009213693952],[13,0,22517998136852480,1125899906842624,0,0],[14,0,4503599627370496,4096,8,0],[15,0,4503599627370496,72057594038452224,0,0],[16,0,4503599627370496,1024,0,2251799813685248],[17,4,0,0,0,0]]]
[10,[0,4398048624640,0,0,0],803.169,[[12,0,4503599627370496,0,281474976710656,2305843009213693952],[13,0,22517998136852480,1125899906842624,0,0],[14,0,4503599627370496,4096,8,0],[15,0,4503599627370496,72057594038452224,0,0],[16,0,4503599627370496,1024,0,2251799813685248],[17,4,0,0,0,0]]]
[11,[2,0,0,0,0],0,[[12,0,4503599627370496,0,281474976710656,2305843009213693952],[13,0,22517998136852480,1125899906842624,0,0],[14,0,4503599627370496,4096,8,0],[15,0,4503599627370496,72057594038452224,0,0],[16,0,4503599627370496,1024,0,2251799813685248],[17,4,0,0,0,0]]]
[12,[0,4503599627370496,0,281474976710656,2305843009213693952],859.627,[[18,0,0,2048,0,34360262656],[19,0,70369281048576,0,0,34359738368],[20,0,8,0,67108864,34359738368],[21,0,67108864,0,0,140771848093696],[22,8,0,0,0,0]]]
[13,[0,22517998136852480,1125899906842624,0,0],512.673,[[18,0,0,2048,0,34360262656],[19,0,70369281048576,0,0,34359738368],[20,0,8,0,67108864,34359738368],[21,0,67108864,0,0,140771848093696],[22,8,0,0,0,0]]]
[14,[0,4503599627370496,4096,8,0],153.091,[[18,0,0,2048,0,34360262656],[19,0,70369281048576,0,0,34359738368],[20,0,8,0,67108864,34359738368],[21,0,67108864,0,0,140771848093696],[22,8,0,0,0,0]]]
[15,[0,4503599627370496,72057594038452224,0,0],661.324,[[18,0,0,2048,0,34360262656],[19,0,70369281048576,0,0,34359738368],[20,0,8,0,67108864,34359738368],[21,0,67108864,0,0,140771848093696],[22,8,0,0,0,0]]]
[16,[0,4503599627370496,1024,0,2251799813685248],215.512,[[18,0,0,2048,0,34360262656],[19,0,70369281048576,0,0,34359738368],[20,0,8,0,67108864,34359738368],[21,0,67108864,0,0,140771848093696],[22,8,0,0,0,0]]]
[17,[4,0,0,0,0],0,[[18,0,0,2048,0,34360262656],[19,0,70369281048576,0,0,34359738368],[20,0,8,0,67108864,34359738368],[21,0,67108864,0,0,140771848093696],[22,8,0,0,0,0]]]
[18,[0,0,2048,0,34360262656],211.19,[[23,0,2199157473280,2097152,0,0],[24,0,134217728,-9223372036854774784,0,0],[25,0,1099645845504,0,0,137438953472],[26,0,134217728,0,4,72057594037927936],[27,16,0,0,0,0]]]
[19,[0,70369281048576,0,0,34359738368],640.819,[[23,0,2199157473280,2097152,0,0],[24,0,134217728,-9223372036854774784,0,0],[25,0,1099645845504,0,0,137438953472],[26,0,134217728,0,4,72057594037927936],[27,16,0,0,0,0]]]
[20,[0,8,0,67108864,34359738368],516.757,[[23,0,2199157473280,2097152,0,0],[24,0,134217728,-9223372036854774784,0,0],[25,0,1099645845504,0,0,137438953472],[26,0,134217728,0,4,72057594037927936],[27,16,0,0,0,0]]]
[21,[0,67108864,0,0,140771848093696],79.7774,[[23,0,2199157473280,2097152,0,0],[24,0,134217728,-9223372036854774784,0,0],[25,0,1099645845504,0,0,137438953472],[26,0,134217728,0,4,72057594037927936],[27,16,0,0,0,0]]]
[22,[8,0,0,0,0],0,[[23,0,2199157473280,2097152,0,0],[24,0,134217728,-9223372036854774784,0,0],[25,0,1099645845504,0,0,137438953472],[26,0,134217728,0,4,72057594037927936],[27,16,0,0,0,0]]]
[23,[0,2199157473280,2097152,0,0],964.129,[[28,0,0,512,4096,1],[29,0,0,0,8589950976,1],[30,0,0,0,1048576,-9223372036854775807],[31,32,0,0,0,0]]]
[24,[0,134217728,-9223372036854774784,0,0],819.333,[[28,0,0,512,4096,1],[29,0,0,0,8589950976,1],[30,0,0,0,1048576,-9223372036854775807],[31,32,0,0,0,0]]]
[25,[0,1099645845504,0,0,137438953472],568.026,[[28,0,0,512,4096,1],[29,0,0,0,8589950976,1],[30,0,0,0,1048576,-9223372036854775807],[31,32,0,0,0,0]]]
[26,[0,134217728,0,4,72057594037927936],917.615,[[28,0,0,512,4096,1],[29,0,0,0,8589950976,1],[30,0,0,0,1048576,-9223372036854775807],[31,32,0,0,0,0]]]
[27,[16,0,0,0,0],0,[[28,0,0,512,4096,1],[29,0,0,0,8589950976,1],[30,0,0,0,1048576,-9223372036854775807],[31,32,0,0,0,0]]]
[28,[0,0,512,4096,1],171.985,[[32,0,0,0,64,536871936],[33,0,0,0,17592186044416,1032],[34,0,0,0,0,1099520017408],[35,64,0,0,0,0]]]
[29,[0,0,0,8589950976,1],346.82,[[32,0,0,0,64,536871936],[33,0,0,0,17592186044416,1032],[34,0,0,0,0,1099520017408],[35,64,0,0,0,0]]]
[30,[0,0,0,1048576,-9223372036854775807],605.242,[[32,0,0,0,64,536871936],[33,0,0,0,17592186044416,1032],[34,0,0,0,0,1099520017408],[35,64,0,0,0,0]]]
[31,[32,0,0,0,0],0,[[32,0,0,0,64,536871936],[33,0,0,0,17592186044416,1032],[34,0,0,0,0,1099520017408],[35,64,0,0,0,0]]]
[32,[0,0,0,64,536871936],372.934,[[36,0,0,0,16777216,2097160],[37,0,0,2305843009213693952,8606711808,0],[38,0,0,0,16777216,133120],[39,128,0,0,0,0]]]
[33,[0,0,0,17592186044416,1032],574.053,[[36,0,0,0,16777216,2097160],[37,0,0,2305843009213693952,8606711808,0],[38,0,0,0,16777216,133120],[39,128,0,0,0,0]]]
[34,[0,0,0,0,1099520017408],621.421,[[36,0,0,0,16777216,2097160],[37,0,0,2305843009213693952,8606711808,0],[38,0,0,0,16777216,133120],[39,128,0,0,0,0]]]
[35,[64,0,0,0,0],0,[[36,0,0,0,16777216,2097160],[37,0,0,2305843009213693952,8606711808,0],[38,0,0,0,16777216,133120],[39,128,0,0,0,0]]]
[36,[0,0,0,16777216,2097160],371.614,[[40,0,0,8796093022208,68719480832,0],[41,0,4194304,0,68719476736,144115188075855872],[42,0,4611686018427387904,0,68719476736,18014398509481984],[43,256,0,0,0,0]]]
[37,[0,0,2305843009213693952,8606711808,0],938.958,[[40,0,0,8796093022208,68719480832,0],[41,0,4194304,0,68719476736,144115188075855872],[42,0,4611686018427387904,0,68719476736,18014398509481984],[43,256,0,0,0,0]]]
[38,[0,0,0,16777216,133120],631.584,[[40,0,0,8796093022208,68719480832,0],[41,0,4194304,0,68719476736,144115188075855872],[42,0,4611686018427387904,0,68719476736,18014398509481984],[43,256,0,0,0,0]]]
[39,[128,0,0,0,0],0,[[40,0,0,8796093022208,68719480832,0],[41,0,4194304,0,68719476736,144115188075855872],[42,0,4611686018427387904,0,68719476736,18014398509481984],[43,256,0,0,0,0]]]
[40,[0,0,8796093022208,68719480832,0],187.787,[[44,0,144115188075855872,0,9042383626829824,0],[45,0,0,4398046511104,35184372088832,-9223372036854775808],[46,0,562949953683456,0,35184372088832,0],[47,512,0,0,0,0]]]
[41,[0,4194304,0,68719476736,144115188075855872],982.94,[[44,0,144115188075855872,0,9042383626829824,0],[45,0,0,4398046511104,35184372088832,-9223372036854775808],[46,0,562949953683456,0,35184372088832,0],[47,512,0,0,0,0]]]
[42,[0,4611686018427387904,0,68719476736,18014398509481984],357.194,[[44,0,144115188075855872,0,9042383626829824,0],[45,0,0,4398046511104,35184372088832,-9223372036854775808],[46,0,562949953683456,0,35184372088832,0],[47,512,0,0,0,0]]]
[43,[256,0,0,0,0],0,[[44,0,144115188075855872,0,9042383626829824,0],[45,0,0,4398046511104,35184372088832,-9223372036854775808],[46,0,562949953683456,0,35184372088832,0],[47,512,0,0,0,0]]]
[44,[0,144115188075855872,0,9042383626829824,0],272.953,[[48,0,2323857407723175936,0,144115188075855872,0],[49,0,562949953421312,1073741824,144115188075855872,0],[50,0,68719476736,274877906944,144115188075855872,0],[51,1024,0,0,0,0]]]
[45,[0,0,4398046511104,35184372088832,-9223372036854775808],705.539,[[48,0,2323857407723175936,0,144115188075855872,0],[49,0,562949953421312,1073741824,144115188075855872,0],[50,0,68719476736,274877906944,144115188075855872,0],[51,1024,0,0,0,0]]]
[46,[0,562949953683456,0,35184372088832,0],112.153,[[48,0,2323857407723175936,0,144115188075855872,0],[49,0,562949953421312,1073741824,144115188075855872,0],[50,0,68719476736,274877906944,144115188075855872,0],[51,1024,0,0,0,0]]]
[47,[512,0,0,0,0],0,[[48,0,2323857407723175936,0,144115188075855872,0],[49,0,562949953421312,1073741824,144115188075855872,0],[50,0,68719476736,274877906944,144115188075855872,0],[51,1024,0,0,0,0]]]
[48,[0,2323857407723175936,0,144115188075855872,0],812.324,[[52,0,0,4,0,2147484160],[53,0,144115188075855872,4,17592186044416,0],[54,0,1152921504606846976,8196,0,0],[55,2048,0,0,0,0]]]
[49,[0,562949953421312,1073741824,144115188075855872,0],74.0026,[[52,0,0,4,0,2147484160],[53,0,144115188075855872,4,17592186044416,0],[54,0,1152921504606846976,8196,0,0],[55,2048,0,0,0,0]]]
[50,[0,68719476736,274877906944,144115188075855872,0],952.329,[[52,0,0,4,0,2147484160],[53,0,144115188075855872,4,17592186044416,0],[54,0,1152921504606846976,8196,0,0],[55,2048,0,0,0,0]]]
[51,[1024,0,0,0,0],0,[[52,0,0,4,0,2147484160],[53,0,144115188075855872,4,17592186044416,0],[54,0,1152921504606846976,8196,0,0],[55,2048,0,0,0,0]]]
[52,[0,0,4,0,2147484160],137.827,[[56,0,36028797018963968,536870912,72057594037927936,0],[57,0,0,536870912,0,4398047035392],[58,0,0,536870912,1125899906842624,2251799813685248],[59,4096,0,0,0,0]]]
[53,[0,144115188075855872,4,17592186044416,0],215.719,[[56,0,36028797018963968,536870912,72057594037927936,0],[57,0,0,536870912,0,4398047035392],[58,0,0,536870912,1125899906842624,2251799813685248],[59,4096,0,0,0,0]]]
[54,[0,1152921504606846976,8196,0,0],325.022,[[56,0,36028797018963968,536870912,72057594037927936,0],[57,0,0,536870912,0,4398047035392],[58,0,0,536870912,1125899906842624,2251799813685248],[59,4096,0,0,0,0]]]
[55,[2048,0,0,0,0],0,[[56,0,36028797018963968,536870912,72057594037927936,0],[57,0,0,536870912,0,4398047035392],[58,0,0,536870912,1125899906842624,2251799813685248],[59,4096,0,0,0,0]]]
[56,[0,36028797018963968,536870912,72057594037927936,0],123.295,[[60,0,576460752305520640,0,549755813888,0],[61,0,2097152,72057594037927936,4398046511104,0],[62,0,144115188077953056,0,0,0],[63,8192,0,0,0,0]]]
[57,[0,0,536870912,0,4398047035392],675.588,[[60,0,576460752305520640,0,549755813888,0],[61,0,2097152,72057594037927936,4398046511104,0],[62,0,144115188077953056,0,0,0],[63,8192,0,0,0,0]]]
[58,[0,0,536870912,1125899906842624,2251799813685248],298.299,[[60,0,576460752305520640,0,549755813888,0],[61,0,2097152,72057594037927936,4398046511104,0],[62,0,144115188077953056,0,0,0],[63,8192,0,0,0,0]]]
[59,[4096,0,0,0,0],0,[[60,0,576460752305520640,0,549755813888,0],[61,0,2097152,72057594037927936,4398046511104,0],[62,0,144115188077953056,0,0,0],[63,8192,0,0,0,0]]]
[60,[0,576460752305520640,0,549755813888,0],227.577,[[64,0,268435456,0,2199023255552,4],[65,0,0,0,2199023255552,67108868],[66,16384,0,0,0,0]]]
[61,[0,2097152,72057594037927936,4398046511104,0],781.268,[[64,0,268435456,0,2199023255552,4],[65,0,0,0,2199023255552,67108868],[66,16384,0,0,0,0]]]
[62,[0,144115188077953056,0,0,0],316.301,[[64,0,268435456,0,2199023255552,4],[65,0,0,0,2199023255552,67108868],[66,16384,0,0,0,0]]]
[63,[8192,0,0,0,0],0,[[64,0,268435456,0,2199023255552,4],[65,0,0,0,2199023255552,67108868],[66,16384,0,0,0,0]]]
[64,[0,268435456,0,2199023255552,4],549.682,[[67,0,262144,0,268435456,32],[68,0,16,281474976710656,0,32],[69,32768,0,0,0,0]]]
[65,[0,0,0,2199023255552,67108868],19.4437,[[67,0,262144,0,268435456,32],[68,0,16,281474976710656,0,32],[69,32768,0,0,0,0]]]
[66,[16384,0,0,0,0],0,[[67,0,262144,0,268435456,32],[68,0,16,281474976710656,0,32],[69,32768,0,0,0,0]]]
[67,[0,262144,0,268435456,32],283.236,[[70,0,2048,-9223372036854775808,0,256],[71,0,0,0,0,70368752566528],[72,65536,0,0,0,0]]]
[68,[0,16,281474976710656,0,32],869.601,[[70,0,2048,-9223372036854775808,0,256],[71,0,0,0,0,70368752566528],[72,65536,0,0,0,0]]]
[69,[32768,0,0,0,0],0,[[70,0,2048,-9223372036854775808,0,256],[71,0,0,0,0,70368752566528],[72,65536,0,0,0,0]]]
[70,[0,2048,-9223372036854775808,0,256],943.519,[[73,0,0,0,32768,412316860416],[74,0,1,35184372088832,0,274877906944],[75,131072,0,0,0,0]]]
[71,[0,0,0,0,70368752566528],172.382,[[73,0,0,0,32768,412316860416],[74,0,1,35184372088832,0,274877906944],[75,131072,0,0,0,0]]]
[72,[65536,0,0,0,0],0,[[73,0,0,0,32768,412316860416],[74,0,1,35184372088832,0,274877906944],[75,131072,0,0,0,0]]]
[73,[0,0,0,32768,412316860416],738.137,[[76,0,0,0,4294967296,36028797287399424],[77,0,0,0,4294967296,36591746972385280],[78,262144,0,0,0,0]]]
[74,[0,1,35184372088832,0,274877906944],737.495,[[76,0,0,0,4294967296,36028797287399424],[77,0,0,0,4294967296,36591746972385280],[78,262144,0,0,0,0]]]
[75,[131072,0,0,0,0],0,[[76,0,0,0,4294967296,36028797287399424],[77,0,0,0,4294967296,36591746972385280],[78,262144,0,0,0,0]]]
[76,[0,0,0,4294967296,36028797287399424],655.515,[[79,0,256,0,281474976710688,0],[80,0,4,268435456,32,0],[81,524288,0,0,0,0]]]
[77,[0,0,0,4294967296,36591746972385280],219.474,[[79,0,256,0,281474976710688,0],[80,0,4,268435456,32,0],[81,524288,0,0,0,0]]]
[78,[262144,0,0,0,0],0,[[79,0,256,0,281474976710688,0],[80,0,4,268435456,32,0],[81,524288,0,0,0,0]]]
[79,[0,256,0,281474976710688,0],554.572,[[82,0,0,8589934592,33554432,16],[83,0,0,524288,33554432,2048],[84,1048576,0,0,0,0]]]
[80,[0,4,268435456,32,0],302.397,[[82,0,0,8589934592,33554432,16],[83,0,0,524288,33554432,2048],[84,1048576,0,0,0,0]]]
[81,[524288,0,0,0,0],0,[[82,0,0,8589934592,33554432,16],[83,0,0,524288,33554432,2048],[84,1048576,0,0,0,0]]]
[82,[0,0,8589934592,33554432,16],336.138,[[85,0,0,0,9126805504,32768],[86,0,0,288230376420147200,536870912,0],[87,2097152,0,0,0,0]]]
[83,[0,0,524288,33554432,2048],708.407,[[85,0,0,0,9126805504,32768],[86,0,0,288230376420147200,536870912,0],[87,2097152,0,0,0,0]]]
[84,[1048576,0,0,0,0],0,[[85,0,0,0,9126805504,32768],[86,0,0,288230376420147200,536870912,0],[87,2097152,0,0,0,0]]]
[85,[0,0,0,9126805504,32768],969.757,[[88,0,4294967296,0,36028797086072832,0],[89,0,0,0,108086391056892416,0],[90,4194304,0,0,0,0]]]
[86,[0,0,288230376420147200,536870912,0],164.149,[[88,0,4294967296,0,36028797086072832,0],[89,0,0,0,108086391056892416,0],[90,4194304,0,0,0,0]]]
[87,[2097152,0,0,0,0],0,[[88,0,4294967296,0,36028797086072832,0],[89,0,0,0,108086391056892416,0],[90,4194304,0,0,0,0]]]
[88,[0,4294967296,0,36028797086072832,0],567.95,[[91,0,17592186044416,0,288230376151711744,512],[92,0,72620543991349248,0,288230376151711744,0],[93,8388608,0,0,0,0]]]
[89,[0,0,0,108086391056892416,0],968.666,[[91,0,17592186044416,0,288230376151711744,512],[92,0,72620543991349248,0,288230376151711744,0],[93,8388608,0,0,0,0]]]
[90,[4194304,0,0,0,0],0,[[91,0,17592186044416,0,288230376151711744,512],[92,0,72620543991349248,0,288230376151711744,0],[93,8388608,0,0,0,0]]]
[91,[0,17592186044416,0,288230376151711744,512],927.822,[[94,0,65536,0,-9223372019674906624,0],[95,0,64,72057594037927936,-9223372036854775808,0],[96,16777216,0,0,0,0]]]
[92,[0,72620543991349248,0,288230376151711744,0],970.669,[[94,0,65536,0,-9223372019674906624,0],[95,0,64,72057594037927936,-9223372036854775808,0],[96,16777216,0,0,0,0]]]
[93,[8388608,0,0,0,0],0,[[94,0,65536,0,-9223372019674906624,0],[95,0,64,72057594037927936,-9223372036854775808,0],[96,16777216,0,0,0,0]]]
[94,[0,65536,0,-9223372019674906624,0],75.716,[[97,0,140737488355328,128,2097152,0],[98,0,16777216,4224,0,0],[99,33554432,0,0,0,0]]]
[95,[0,64,72057594037927936,-9223372036854775808,0],912.43,[[97,0,140737488355328,128,2097152,0],[98,0,16777216,4224,0,0],[99,33554432,0,0,0,0]]]
[96,[16777216,0,0,0,0],0,[[97,0,140737488355328,128,2097152,0],[98,0,16777216,4224,0,0],[99,33554432,0,0,0,0]]]
[97,[0,140737488355328,128,2097152,0],480.174,[[100,0,0,8704,0,64],[101,0,0,512,4611686018427388160,0],[102,67108864,0,0,0,0]]]
[98,[0,16777216,4224,0,0],639.65,[[100,0,0,8704,0,64],[101,0,0,512,4611686018427388160,0],[102,67108864,0,0,0,0]]]
[99,[33554432,0,0,0,0],0,[[100,0,0,8704,0,64],[101,0,0,512,4611686018427388160,0],[102,67108864,0,0,0,0]]]
[100,[0,0,8704,0,64],119.3,[[103,0,0,131072,0,2305851805306716160],[104,0,0,549755953152,0,0],[105,134217728,0,0,0,0]]]
[101,[0,0,512,4611686018427388160,0],302.114,[[103,0,0,131072,0,2305851805306716160],[104,0,0,549755953152,0,0],[105,134217728,0,0,0,0]]]
[102,[67108864,0,0,0,0],0,[[103,0,0,131072,0,2305851805306716160],[104,0,0,549755953152,0,0],[105,134217728,0,0,0,0]]]
[103,[0,0,131072,0,2305851805306716160],755.805,[[106,0,4611686018427387904,4227072,0,0],[107,0,0,2199027974144,0,0],[108,268435456,0,0,0,0]]]
[104,[0,0,549755953152,0,0],989.645,[[106,0,4611686018427387904,4227072,0,0],[107,0,0,2199027974144,0,0],[108,268435456,0,0,0,0]]]
[105,[134217728,0,0,0,0],0,[[106,0,4611686018427387904,4227072,0,0],[107,0,0,2199027974144,0,0],[108,268435456,0,0,0,0]]]
[106,[0,4611686018427387904,4227072,0,0],972.586,[[109,0,0,68736253952,0,4398046511104],[110,0,33554432,288230444871188480,0,0],[111,536870912,0,0,0,0]]]
[107,[0,0,2199027974144,0,0],488.799,[[109,0,0,68736253952,0,4398046511104],[110,0,33554432,288230444871188480,0,0],[111,536870912,0,0,0,0]]]
[108,[268435456,0,0,0,0],0,[[109,0,0,68736253952,0,4398046511104],[110,0,33554432,288230444871188480,0,0],[111,536870912,0,0,0,0]]]
[109,[0,0,68736253952,0,4398046511104],71.3671,[[112,0,0,1152921642045800448,268435456,0],[113,0,0,1152921504606846976,281474976710656,2199023255552],[114,1073741824,0,0,0,0]]]
[110,[0,33554432,288230444871188480,0,0],395.847,[[112,0,0,1152921642045800448,268435456,0],[113,0,0,1152921504606846976,281474976710656,2199023255552],[114,1073741824,0,0,0,0]]]
[111,[536870912,0,0,0,0],0,[[112,0,0,1152921642045800448,268435456,0],[113,0,0,1152921504606846976,281474976710656,2199023255552],[114,1073741824,0,0,0,0]]]
[112,[0,0,1152921642045800448,268435456,0],683.261,[[115,0,2305843009213693952,0,4096,536870912],[116,0,2305843009213693952,0,0,70377334112256],[117,2147483648,0,0,0,0]]]
[113,[0,0,1152921504606846976,281474976710656,2199023255552],396.128,[[115,0,2305843009213693952,0,4096,536870912],[116,0,2305843009213693952,0,0,70377334112256],[117,2147483648,0,0,0,0]]]
[114,[1073741824,0,0,0,0],0,[[115,0,2305843009213693952,0,4096,536870912],[116,0,2305843009213693952,0,0,70377334112256],[117,2147483648,0,0,0,0]]]
[115,[0,2305843009213693952,0,4096,536870912],354.248,[[118,0,4,0,549755813888,16384],[119,4294967296,0,0,0,0]]]
[116,[0,2305843009213693952,0,0,70377334112256],549.776,[[118,0,4,0,549755813888,16384],[119,4294967296,0,0,0,0]]]
[117,[2147483648,0,0,0,0],0,[[118,0,4,0,549755813888,16384],[119,4294967296,0,0,0,0]]]
[118,[0,4,0,549755813888,16384],161.014,[[120,0,0,70368744177664,0,2251799813947392],[121,8589934592,0,0,0,0]]]
[119,[4294967296,0,0,0,0],0,[[120,0,0,70368744177664,0,2251799813947392],[121,8589934592,0,0,0,0]]]
[120,[0,0,70368744177664,0,2251799813947392],51.3628,[[122,0,70368744177664,0,0,4296015872],[123,17179869184,0,0,0,0]]]
[121,[8589934592,0,0,0,0],0,[[122,0,70368744177664,0,0,4296015872],[123,17179869184,0,0,0,0]]]
[122,[0,70368744177664,0,0,4296015872],921.897,[[124,0,8,0,1125899906842624,35184372088832],[125,34359738368,0,0,0,0]]]
[123,[17179869184,0,0,0,0],0,[[124,0,8,0,1125899906842624,35184372088832],[125,34359738368,0,0,0,0]]]
[124,[0,8,0,1125899906842624,35184372088832],629.543,[[126,0,-9223372036854775808,0,524288,140737488355328],[127,68719476736,0,0,0,0]]]
[125,[34359738368,0,0,0,0],0,[[126,0,-9223372036854775808,0,524288,140737488355328],[127,68719476736,0,0,0,0]]]
[126,[0,-9223372036854775808,0,524288,140737488355328],459.584,[[128,0,50331648,0,0,9007199254740992],[129,137438953472,0,0,0,0]]]
[127,[68719476736,0,0,0,0],0,[[128,0,50331648,0,0,9007199254740992],[129,137438953472,0,0,0,0]]]
[128,[0,50331648,0,0,9007199254740992],380.124,[[130,0,32768,274877906944,0,72057594037927936],[131,274877906944,0,0,0,0]]]
[129,[137438953472,0,0,0,0],0,[[130,0,32768,274877906944,0,72057594037927936],[131,274877906944,0,0,0,0]]]
[130,[0,32768,274877906944,0,72057594037927936],945.21,[[132,0,0,4611686018427387904,131076,0],[133,549755813888,0,0,0,0]]]
[131,[274877906944,0,0,0,0],0,[[132,0,0,4611686018427387904,131076,0],[133,549755813888,0,0,0,0]]]
[132,[0,0,4611686018427387904,131076,0],156.742,[[134,0,4294967296,2048,8,0],[135,1099511627776,0,0,0,0]]]
[133,[549755813888,0,0,0,0],0,[[134,0,4294967296,2048,8,0],[135,1099511627776,0,0,0,0]]]
[134,[0,4294967296,2048,8,0],406.945,[[136,0,34896609280,0,16,0],[137,2199023255552,0,0,0,0]]]
[135,[1099511627776,0,0,0,0],0,[[136,0,34896609280,0,16,0],[137,2199023255552,0,0,0,0]]]
[136,[0,34896609280,0,16,0],603.225,[[138,0,4398046511104,144115188075855872,128,0],[139,4398046511104,0,0,0,0]]]
[137,[2199023255552,0,0,0,0],0,[[138,0,4398046511104,144115188075855872,128,0],[139,4398046511104,0,0,0,0]]]
[138,[0,4398046511104,144115188075855872,128,0],29.6312,[[140,0,274877906944,4096,32768,0],[141,8796093022208,0,0,0,0]]]
[139,[4398046511104,0,0,0,0],0,[[140,0,274877906944,4096,32768,0],[141,8796093022208,0,0,0,0]]]
[140,[0,274877906944,4096,32768,0],58.3127,[[142,0,268435456,9007199254740992,1099511627776,0],[143,17592186044416,0,0,0,0]]]
[141,[8796093022208,0,0,0,0],0,[[142,0,268435456,9007199254740992,1099511627776,0],[143,17592186044416,0,0,0,0]]]
[142,[0,268435456,9007199254740992,1099511627776,0],677.454,[[144,0,288230376151711744,1125902054326272,0,0],[145,35184372088832,0,0,0,0]]]
[143,[17592186044416,0,0,0,0],0,[[144,0,288230376151711744,1125902054326272,0,0],[145,35184372088832,0,0,0,0]]]
[144,[0,288230376151711744,1125902054326272,0,0],974.829,[]]
[145,[35184372088832,0,0,0,0],0,[]]