[0,[0,4503599627370496,2,536870912],302.972,[[5,0,16384,0,68],[6,0,0,0,70368878395456],[7,0,0,0,34393292864],[8,512,0,0,0]]]
[1,[0,1024,0,536936448],532.5,[[5,0,16384,0,68],[6,0,0,0,70368878395456],[7,0,0,0,34393292864],[8,512,0,0,0]]]
[2,[0,33554432,512,536870912],647.374,[[5,0,16384,0,68],[6,0,0,0,70368878395456],[7,0,0,0,34393292864],[8,512,0,0,0]]]
[3,[0,0,0,288232575711838208],596.661,[[5,0,16384,0,68],[6,0,0,0,70368878395456],[7,0,0,0,34393292864],[8,512,0,0,0]]]
[4,[256,0,0,0],0,[[5,0,16384,0,68],[6,0,0,0,70368878395456],[7,0,0,0,34393292864],[8,512,0,0,0]]]
[5,[0,16384,0,68],237.878,[[9,1,0,1073741824,1024],[10,0,0,2097152,2147484672],[11,0,0,16777216,134218752],[12,1024,0,0,0]]]
[6,[0,0,0,70368878395456],624.37,[[9,1,0,1073741824,1024],[10,0,0,2097152,2147484672],[11,0,0,16777216,134218752],[12,1024,0,0,0]]]
[7,[0,0,0,34393292864],874.05,[[9,1,0,1073741824,1024],[10,0,0,2097152,2147484672],[11,0,0,16777216,134218752],[12,1024,0,0,0]]]
[8,[512,0,0,0],0,[[9,1,0,1073741824,1024],[10,0,0,2097152,2147484672],[11,0,0,16777216,134218752],[12,1024,0,0,0]]]
[9,[1,0,1073741824,1024],831.741,[[13,4,549755813888,35184372088832,0],[14,4,4503599627370496,17592186044416,0],[15,4,256,0,17179869184],[16,2048,0,0,0]]]
[10,[0,0,2097152,2147484672],467.878,[[13,4,549755813888,35184372088832,0],[14,4,4503599627370496,17592186044416,0],[15,4,256,0,17179869184],[16,2048,0,0,0]]]
[11,[0,0,16777216,134218752],807.8,[[13,4,549755813888,35184372088832,0],[14,4,4503599627370496,17592186044416,0],[15,4,256,0,17179869184],[16,2048,0,0,0]]]
[12,[1024,0,0,0],0,[[13,4,549755813888,35184372088832,0],[14,4,4503599627370496,17592186044416,0],[15,4,256,0,17179869184],[16,2048,0,0,0]]]
[13,[4,549755813888,35184372088832,0],840.085,[[17,0,0,72057594037927936,130],[18,0,17179869184,536870912,2],[19,4096,0,0,0]]]
[14,[4,4503599627370496,17592186044416,0],695.983,[[17,0,0,72057594037927936,130],[18,0,17179869184,536870912,2],[19,4096,0,0,0]]]
[15,[4,256,0,17179869184],752.909,[[17,0,0,72057594037927936,130],[18,0,17179869184,536870912,2],[19,4096,0,0,0]]]
[16,[2048,0,0,0],0,[[17,0,0,72057594037927936,130],[18,0,17179869184,536870912,2],[19,4096,0,0,0]]]
[17,[0,0,72057594037927936,130],447.084,[[20,0,0,72057594037927936,281475010265088],[21,0,274877906944,0,17592219598848],[22,8192,0,0,0]]]
[18,[0,17179869184,536870912,2],579.103,[[20,0,0,72057594037927936,281475010265088],[21,0,274877906944,0,17592219598848],[22,8192,0,0,0]]]
[19,[4096,0,0,0],0,[[20,0,0,72057594037927936,281475010265088],[21,0,274877906944,0,17592219598848],[22,8192,0,0,0]]]
[20,[0,0,72057594037927936,281475010265088],668.73,[[23,0,16384,2097152,4398046511104],[24,0,144115188075855872,1073741824,4398046511104],[25,16384,0,0,0]]]
[21,[0,274877906944,0,17592219598848],695.032,[[23,0,16384,2097152,4398046511104],[24,0,144115188075855872,1073741824,4398046511104],[25,16384,0,0,0]]]
[22,[8192,0,0,0],0,[[23,0,16384,2097152,4398046511104],[24,0,144115188075855872,1073741824,4398046511104],[25,16384,0,0,0]]]
[23,[0,16384,2097152,4398046511104],609.724,[[26,0,2097152,33562624,0],[27,0,2097152,4,-9223372036854775808],[28,32768,0,0,0]]]
[24,[0,144115188075855872,1073741824,4398046511104],783.537,[[26,0,2097152,33562624,0],[27,0,2097152,4,-9223372036854775808],[28,32768,0,0,0]]]
[25,[16384,0,0,0],0,[[26,0,2097152,33562624,0],[27,0,2097152,4,-9223372036854775808],[28,32768,0,0,0]]]
[26,[0,2097152,33562624,0],588.729,[[29,0,1152921504606846980,0,256],[30,0,1155173304420532224,0,8],[31,65536,0,0,0]]]
[27,[0,2097152,4,-9223372036854775808],925.569,[[29,0,1152921504606846980,0,256],[30,0,1155173304420532224,0,8],[31,65536,0,0,0]]]
[28,[32768,0,0,0],0,[[29,0,1152921504606846980,0,256],[30,0,1155173304420532224,0,8],[31,65536,0,0,0]]]
[29,[0,1152921504606846980,0,256],905.954,[[32,32,140737488355328,0,2147483648],[33,131072,0,0,0]]]
[30,[0,1155173304420532224,0,8],953.61,[[32,32,140737488355328,0,2147483648],[33,131072,0,0,0]]]
[31,[65536,0,0,0],0,[[32,32,140737488355328,0,2147483648],[33,131072,0,0,0]]]
[32,[32,140737488355328,0,2147483648],542.72,[[34,0,0,4294967296,4611686027017322496],[35,262144,0,0,0]]]
[33,[131072,0,0,0],0,[[34,0,0,4294967296,4611686027017322496],[35,262144,0,0,0]]]
[34,[0,0,4294967296,4611686027017322496],882.018,[[36,0,0,-9223372036837998592,68719476736],[37,524288,0,0,0]]]
[35,[262144,0,0,0],0,[[36,0,0,-9223372036837998592,68719476736],[37,524288,0,0,0]]]
[36,[0,0,-9223372036837998592,68719476736],0.753037,[[38,0,2048,576460752303423488,1125899906842624],[39,1048576,0,0,0]]]
[37,[524288,0,0,0],0,[[38,0,2048,576460752303423488,1125899906842624],[39,1048576,0,0,0]]]
[38,[0,2048,576460752303423488,1125899906842624],260.907,[[40,0,288230376151711744,2,9007199254740992],[41,2097152,0,0,0]]]
[39,[1048576,0,0,0],0,[[40,0,288230376151711744,2,9007199254740992],[41,2097152,0,0,0]]]
[40,[0,288230376151711744,2,9007199254740992],309.781,[[42,0,1099511627776,144116287587483648,0],[43,4194304,0,0,0]]]
[41,[2097152,0,0,0],0,[[42,0,1099511627776,144116287587483648,0],[43,4194304,0,0,0]]]
[42,[0,1099511627776,144116287587483648,0],705.134,[[44,0,4503600701112320,2305843009213693952,0],[45,8388608,0,0,0]]]
[43,[4194304,0,0,0],0,[[44,0,4503600701112320,2305843009213693952,0],[45,8388608,0,0,0]]]
[44,[0,4503600701112320,2305843009213693952,0],468.232,[]]
[45,[8388608,0,0,0],0,[]]