[0,[0,144115188080050176,144115188075855872],12.2226,[[9,0,1152921504606846976,70368744177728],[10,0,1099511627776,137438953536],[11,0,351843720888320,64],[12,0,65536,2305843009213694016],[13,0,0,17729624997952],[14,2,0,0]]]
[1,[0,144115325514809408,0],515.072,[[9,0,1152921504606846976,70368744177728],[10,0,1099511627776,137438953536],[11,0,351843720888320,64],[12,0,65536,2305843009213694016],[13,0,0,17729624997952],[14,2,0,0]]]
[2,[0,144115188075856000,68719476736],929.524,[[9,0,1152921504606846976,70368744177728],[10,0,1099511627776,137438953536],[11,0,351843720888320,64],[12,0,65536,2305843009213694016],[13,0,0,17729624997952],[14,2,0,0]]]
[3,[0,144115188075855888,268435456],306.995,[[9,0,1152921504606846976,70368744177728],[10,0,1099511627776,137438953536],[11,0,351843720888320,64],[12,0,65536,2305843009213694016],[13,0,0,17729624997952],[14,2,0,0]]]
[4,[0,144115188075855872,549755813896],385.008,[[9,0,1152921504606846976,70368744177728],[10,0,1099511627776,137438953536],[11,0,351843720888320,64],[12,0,65536,2305843009213694016],[13,0,0,17729624997952],[14,2,0,0]]]
[5,[0,144115462953762944,0],501.327,[[9,0,1152921504606846976,70368744177728],[10,0,1099511627776,137438953536],[11,0,351843720888320,64],[12,0,65536,2305843009213694016],[13,0,0,17729624997952],[14,2,0,0]]]
[6,[0,144115188075855872,67117056],246.829,[[9,0,1152921504606846976,70368744177728],[10,0,1099511627776,137438953536],[11,0,351843720888320,64],[12,0,65536,2305843009213694016],[13,0,0,17729624997952],[14,2,0,0]]]
[7,[0,162129586585354240,0],229.568,[[9,0,1152921504606846976,70368744177728],[10,0,1099511627776,137438953536],[11,0,351843720888320,64],[12,0,65536,2305843009213694016],[13,0,0,17729624997952],[14,2,0,0]]]
[8,[1,0,0],0,[[9,0,1152921504606846976,70368744177728],[10,0,1099511627776,137438953536],[11,0,351843720888320,64],[12,0,65536,2305843009213694016],[13,0,0,17729624997952],[14,2,0,0]]]
[9,[0,1152921504606846976,70368744177728],318.185,[[15,0,16,1048578],[16,0,20,2147483648],[17,0,564049465049104,0],[18,0,16400,32],[19,0,4294967320,0],[20,4,0,0]]]
[10,[0,1099511627776,137438953536],670.334,[[15,0,16,1048578],[16,0,20,2147483648],[17,0,564049465049104,0],[18,0,16400,32],[19,0,4294967320,0],[20,4,0,0]]]
[11,[0,351843720888320,64],392.659,[[15,0,16,1048578],[16,0,20,2147483648],[17,0,564049465049104,0],[18,0,16400,32],[19,0,4294967320,0],[20,4,0,0]]]
[12,[0,65536,2305843009213694016],948.604,[[15,0,16,1048578],[16,0,20,2147483648],[17,0,564049465049104,0],[18,0,16400,32],[19,0,4294967320,0],[20,4,0,0]]]
[13,[0,0,17729624997952],578.218,[[15,0,16,1048578],[16,0,20,2147483648],[17,0,564049465049104,0],[18,0,16400,32],[19,0,4294967320,0],[20,4,0,0]]]
[14,[2,0,0],0,[[15,0,16,1048578],[16,0,20,2147483648],[17,0,564049465049104,0],[18,0,16400,32],[19,0,4294967320,0],[20,4,0,0]]]
[15,[0,16,1048578],110.072,[[21,0,9070970929152,68719476736],[22,0,8813272891392,536870912],[23,0,8796093023232,8589934592],[24,0,8798240505856,17179869184],[25,0,8797167026176,0],[26,8,0,0]]]
[16,[0,20,2147483648],545.814,[[21,0,9070970929152,68719476736],[22,0,8813272891392,536870912],[23,0,8796093023232,8589934592],[24,0,8798240505856,17179869184],[25,0,8797167026176,0],[26,8,0,0]]]
[17,[0,564049465049104,0],737.755,[[21,0,9070970929152,68719476736],[22,0,8813272891392,536870912],[23,0,8796093023232,8589934592],[24,0,8798240505856,17179869184],[25,0,8797167026176,0],[26,8,0,0]]]
[18,[0,16400,32],749.953,[[21,0,9070970929152,68719476736],[22,0,8813272891392,536870912],[23,0,8796093023232,8589934592],[24,0,8798240505856,17179869184],[25,0,8797167026176,0],[26,8,0,0]]]
[19,[0,4294967320,0],192.117,[[21,0,9070970929152,68719476736],[22,0,8813272891392,536870912],[23,0,8796093023232,8589934592],[24,0,8798240505856,17179869184],[25,0,8797167026176,0],[26,8,0,0]]]
[20,[4,0,0],0,[[21,0,9070970929152,68719476736],[22,0,8813272891392,536870912],[23,0,8796093023232,8589934592],[24,0,8798240505856,17179869184],[25,0,8797167026176,0],[26,8,0,0]]]
[21,[0,9070970929152,68719476736],714.893,[[27,0,0,68753031680],[28,0,9007199254740992,274877907456],[29,0,32,4398046511616],[30,0,8192,768],[31,16,0,0]]]
[22,[0,8813272891392,536870912],289.759,[[27,0,0,68753031680],[28,0,9007199254740992,274877907456],[29,0,32,4398046511616],[30,0,8192,768],[31,16,0,0]]]
[23,[0,8796093023232,8589934592],951.91,[[27,0,0,68753031680],[28,0,9007199254740992,274877907456],[29,0,32,4398046511616],[30,0,8192,768],[31,16,0,0]]]
[24,[0,8798240505856,17179869184],342.882,[[27,0,0,68753031680],[28,0,9007199254740992,274877907456],[29,0,32,4398046511616],[30,0,8192,768],[31,16,0,0]]]
[25,[0,8797167026176,0],591.023,[[27,0,0,68753031680],[28,0,9007199254740992,274877907456],[29,0,32,4398046511616],[30,0,8192,768],[31,16,0,0]]]
[26,[8,0,0],0,[[27,0,0,68753031680],[28,0,9007199254740992,274877907456],[29,0,32,4398046511616],[30,0,8192,768],[31,16,0,0]]]
[27,[0,0,68753031680],931.817,[[32,0,1125899906842624,2129920],[33,0,2199023255552,17179901952],[34,0,274877906944,4611686018427420672],[35,0,0,288230376151752704],[36,32,0,0]]]
[28,[0,9007199254740992,274877907456],988.71,[[32,0,1125899906842624,2129920],[33,0,2199023255552,17179901952],[34,0,274877906944,4611686018427420672],[35,0,0,288230376151752704],[36,32,0,0]]]
[29,[0,32,4398046511616],272.948,[[32,0,1125899906842624,2129920],[33,0,2199023255552,17179901952],[34,0,274877906944,4611686018427420672],[35,0,0,288230376151752704],[36,32,0,0]]]
[30,[0,8192,768],247.936,[[32,0,1125899906842624,2129920],[33,0,2199023255552,17179901952],[34,0,274877906944,4611686018427420672],[35,0,0,288230376151752704],[36,32,0,0]]]
[31,[16,0,0],0,[[32,0,1125899906842624,2129920],[33,0,2199023255552,17179901952],[34,0,274877906944,4611686018427420672],[35,0,0,288230376151752704],[36,32,0,0]]]
[32,[0,1125899906842624,2129920],495.641,[[37,0,0,281475517775872],[38,0,32768,138412032],[39,0,536870912,-9223372036850581504],[40,0,2199023255616,4194304],[41,64,0,0]]]
[33,[0,2199023255552,17179901952],153.358,[[37,0,0,281475517775872],[38,0,32768,138412032],[39,0,536870912,-9223372036850581504],[40,0,2199023255616,4194304],[41,64,0,0]]]
[34,[0,274877906944,4611686018427420672],234.057,[[37,0,0,281475517775872],[38,0,32768,138412032],[39,0,536870912,-9223372036850581504],[40,0,2199023255616,4194304],[41,64,0,0]]]
[35,[0,0,288230376151752704],865.479,[[37,0,0,281475517775872],[38,0,32768,138412032],[39,0,536870912,-9223372036850581504],[40,0,2199023255616,4194304],[41,64,0,0]]]
[36,[32,0,0],0,[[37,0,0,281475517775872],[38,0,32768,138412032],[39,0,536870912,-9223372036850581504],[40,0,2199023255616,4194304],[41,64,0,0]]]
[37,[0,0,281475517775872],589.688,[[42,0,0,35253092614144],[43,0,8388608,18049582881570816],[44,0,128,35185445830656],[45,0,8589934592,2305878193585782784],[46,128,0,0]]]
[38,[0,32768,138412032],897.213,[[42,0,0,35253092614144],[43,0,8388608,18049582881570816],[44,0,128,35185445830656],[45,0,8589934592,2305878193585782784],[46,128,0,0]]]
[39,[0,536870912,-9223372036850581504],949.552,[[42,0,0,35253092614144],[43,0,8388608,18049582881570816],[44,0,128,35185445830656],[45,0,8589934592,2305878193585782784],[46,128,0,0]]]
[40,[0,2199023255616,4194304],569.002,[[42,0,0,35253092614144],[43,0,8388608,18049582881570816],[44,0,128,35185445830656],[45,0,8589934592,2305878193585782784],[46,128,0,0]]]
[41,[64,0,0],0,[[42,0,0,35253092614144],[43,0,8388608,18049582881570816],[44,0,128,35185445830656],[45,0,8589934592,2305878193585782784],[46,128,0,0]]]
[42,[0,0,35253092614144],78.7717,[[47,0,257,16],[48,0,129,1152921504606846976],[49,0,8590196737,0],[50,0,1099780063233,0],[51,256,0,0]]]
[43,[0,8388608,18049582881570816],429.701,[[47,0,257,16],[48,0,129,1152921504606846976],[49,0,8590196737,0],[50,0,1099780063233,0],[51,256,0,0]]]
[44,[0,128,35185445830656],833.373,[[47,0,257,16],[48,0,129,1152921504606846976],[49,0,8590196737,0],[50,0,1099780063233,0],[51,256,0,0]]]
[45,[0,8589934592,2305878193585782784],308.245,[[47,0,257,16],[48,0,129,1152921504606846976],[49,0,8590196737,0],[50,0,1099780063233,0],[51,256,0,0]]]
[46,[128,0,0],0,[[47,0,257,16],[48,0,129,1152921504606846976],[49,0,8590196737,0],[50,0,1099780063233,0],[51,256,0,0]]]
[47,[0,257,16],264.364,[[52,0,17592186044416,2147483680],[53,0,-9223354444668731392,2305843009213693952],[54,0,17867063951360,524288],[55,0,1143492092887040,68719476736],[56,512,0,0]]]
[48,[0,129,1152921504606846976],823.756,[[52,0,17592186044416,2147483680],[53,0,-9223354444668731392,2305843009213693952],[54,0,17867063951360,524288],[55,0,1143492092887040,68719476736],[56,512,0,0]]]
[49,[0,8590196737,0],438.868,[[52,0,17592186044416,2147483680],[53,0,-9223354444668731392,2305843009213693952],[54,0,17867063951360,524288],[55,0,1143492092887040,68719476736],[56,512,0,0]]]
[50,[0,1099780063233,0],49.2379,[[52,0,17592186044416,2147483680],[53,0,-9223354444668731392,2305843009213693952],[54,0,17867063951360,524288],[55,0,1143492092887040,68719476736],[56,512,0,0]]]
[51,[256,0,0],0,[[52,0,17592186044416,2147483680],[53,0,-9223354444668731392,2305843009213693952],[54,0,17867063951360,524288],[55,0,1143492092887040,68719476736],[56,512,0,0]]]
[52,[0,17592186044416,2147483680],166.136,[[57,0,-9223301668106403840,0],[58,0,70368744177664,-9223371899415822336],[59,0,9077567998918656,16],[60,0,4611756387171565568,274877906944],[61,1024,0,0]]]
[53,[0,-9223354444668731392,2305843009213693952],392.78,[[57,0,-9223301668106403840,0],[58,0,70368744177664,-9223371899415822336],[59,0,9077567998918656,16],[60,0,4611756387171565568,274877906944],[61,1024,0,0]]]
[54,[0,17867063951360,524288],965,[[57,0,-9223301668106403840,0],[58,0,70368744177664,-9223371899415822336],[59,0,9077567998918656,16],[60,0,4611756387171565568,274877906944],[61,1024,0,0]]]
[55,[0,1143492092887040,68719476736],299.156,[[57,0,-9223301668106403840,0],[58,0,70368744177664,-9223371899415822336],[59,0,9077567998918656,16],[60,0,4611756387171565568,274877906944],[61,1024,0,0]]]
[56,[512,0,0],0,[[57,0,-9223301668106403840,0],[58,0,70368744177664,-9223371899415822336],[59,0,9077567998918656,16],[60,0,4611756387171565568,274877906944],[61,1024,0,0]]]
[57,[0,-9223301668106403840,0],735.445,[[62,0,4644337115725824,4294967296],[63,0,4507997673881600,4096],[64,0,292733975779082240,8388608],[65,0,580964351930793984,72057594037927936],[66,2048,0,0]]]
[58,[0,70368744177664,-9223371899415822336],493.47,[[62,0,4644337115725824,4294967296],[63,0,4507997673881600,4096],[64,0,292733975779082240,8388608],[65,0,580964351930793984,72057594037927936],[66,2048,0,0]]]
[59,[0,9077567998918656,16],567.533,[[62,0,4644337115725824,4294967296],[63,0,4507997673881600,4096],[64,0,292733975779082240,8388608],[65,0,580964351930793984,72057594037927936],[66,2048,0,0]]]
[60,[0,4611756387171565568,274877906944],508.938,[[62,0,4644337115725824,4294967296],[63,0,4507997673881600,4096],[64,0,292733975779082240,8388608],[65,0,580964351930793984,72057594037927936],[66,2048,0,0]]]
[61,[1024,0,0],0,[[62,0,4644337115725824,4294967296],[63,0,4507997673881600,4096],[64,0,292733975779082240,8388608],[65,0,580964351930793984,72057594037927936],[66,2048,0,0]]]
[62,[0,4644337115725824,4294967296],170.041,[[67,0,2305843009213694080,140737488355328],[68,0,1073741824,140874927308800],[69,0,0,145135535915008],[70,4096,0,0]]]
[63,[0,4507997673881600,4096],592.24,[[67,0,2305843009213694080,140737488355328],[68,0,1073741824,140874927308800],[69,0,0,145135535915008],[70,4096,0,0]]]
[64,[0,292733975779082240,8388608],273.307,[[67,0,2305843009213694080,140737488355328],[68,0,1073741824,140874927308800],[69,0,0,145135535915008],[70,4096,0,0]]]
[65,[0,580964351930793984,72057594037927936],14.7096,[[67,0,2305843009213694080,140737488355328],[68,0,1073741824,140874927308800],[69,0,0,145135535915008],[70,4096,0,0]]]
[66,[2048,0,0],0,[[67,0,2305843009213694080,140737488355328],[68,0,1073741824,140874927308800],[69,0,0,145135535915008],[70,4096,0,0]]]
[67,[0,2305843009213694080,140737488355328],548.16,[[71,0,8388608,36028797018963976],[72,0,2112,36028797018963968],[73,0,0,2341871806232659968],[74,8192,0,0]]]
[68,[0,1073741824,140874927308800],58.4331,[[71,0,8388608,36028797018963976],[72,0,2112,36028797018963968],[73,0,0,2341871806232659968],[74,8192,0,0]]]
[69,[0,0,145135535915008],833.555,[[71,0,8388608,36028797018963976],[72,0,2112,36028797018963968],[73,0,0,2341871806232659968],[74,8192,0,0]]]
[70,[4096,0,0],0,[[71,0,8388608,36028797018963976],[72,0,2112,36028797018963968],[73,0,0,2341871806232659968],[74,8192,0,0]]]
[71,[0,8388608,36028797018963976],924.285,[[75,0,1152921504606846978,576460752303423488],[76,0,4294967810,0],[77,0,2,2199023257600],[78,16384,0,0]]]
[72,[0,2112,36028797018963968],140.625,[[75,0,1152921504606846978,576460752303423488],[76,0,4294967810,0],[77,0,2,2199023257600],[78,16384,0,0]]]
[73,[0,0,2341871806232659968],590.97,[[75,0,1152921504606846978,576460752303423488],[76,0,4294967810,0],[77,0,2,2199023257600],[78,16384,0,0]]]
[74,[8192,0,0],0,[[75,0,1152921504606846978,576460752303423488],[76,0,4294967810,0],[77,0,2,2199023257600],[78,16384,0,0]]]
[75,[0,1152921504606846978,576460752303423488],270.014,[[79,0,576460752303554560,4096],[80,0,131072,8796093022210],[81,0,131136,16],[82,32768,0,0]]]
[76,[0,4294967810,0],421.513,[[79,0,576460752303554560,4096],[80,0,131072,8796093022210],[81,0,131136,16],[82,32768,0,0]]]
[77,[0,2,2199023257600],163.679,[[79,0,576460752303554560,4096],[80,0,131072,8796093022210],[81,0,131136,16],[82,32768,0,0]]]
[78,[16384,0,0],0,[[79,0,576460752303554560,4096],[80,0,131072,8796093022210],[81,0,131136,16],[82,32768,0,0]]]
[79,[0,576460752303554560,4096],343.159,[[83,0,1048576,18691697672192],[84,0,137442099200,0],[85,0,1048576,18014398509744128],[86,65536,0,0]]]
[80,[0,131072,8796093022210],967.9,[[83,0,1048576,18691697672192],[84,0,137442099200,0],[85,0,1048576,18014398509744128],[86,65536,0,0]]]
[81,[0,131136,16],949.414,[[83,0,1048576,18691697672192],[84,0,137442099200,0],[85,0,1048576,18014398509744128],[86,65536,0,0]]]
[82,[32768,0,0],0,[[83,0,1048576,18691697672192],[84,0,137442099200,0],[85,0,1048576,18014398509744128],[86,65536,0,0]]]
[83,[0,1048576,18691697672192],977.555,[[87,0,33562624,8388608],[88,0,72057594071482368,67108864],[89,0,288230376185266176,1125899906842624],[90,131072,0,0]]]
[84,[0,137442099200,0],725.282,[[87,0,33562624,8388608],[88,0,72057594071482368,67108864],[89,0,288230376185266176,1125899906842624],[90,131072,0,0]]]
[85,[0,1048576,18014398509744128],660.691,[[87,0,33562624,8388608],[88,0,72057594071482368,67108864],[89,0,288230376185266176,1125899906842624],[90,131072,0,0]]]
[86,[65536,0,0],0,[[87,0,33562624,8388608],[88,0,72057594071482368,67108864],[89,0,288230376185266176,1125899906842624],[90,131072,0,0]]]
[87,[0,33562624,8388608],517.917,[[91,0,549890031616,9007199254740992],[92,0,282024732524544,33554432],[93,0,550829555712,34359738368],[94,262144,0,0]]]
[88,[0,72057594071482368,67108864],140.337,[[91,0,549890031616,9007199254740992],[92,0,282024732524544,33554432],[93,0,550829555712,34359738368],[94,262144,0,0]]]
[89,[0,288230376185266176,1125899906842624],246.015,[[91,0,549890031616,9007199254740992],[92,0,282024732524544,33554432],[93,0,550829555712,34359738368],[94,262144,0,0]]]
[90,[131072,0,0],0,[[91,0,549890031616,9007199254740992],[92,0,282024732524544,33554432],[93,0,550829555712,34359738368],[94,262144,0,0]]]
[91,[0,549890031616,9007199254740992],859.604,[[95,0,1099511628032,128],[96,0,0,67109024],[97,524288,0,0]]]
[92,[0,282024732524544,33554432],655.936,[[95,0,1099511628032,128],[96,0,0,67109024],[97,524288,0,0]]]
[93,[0,550829555712,34359738368],843.446,[[95,0,1099511628032,128],[96,0,0,67109024],[97,524288,0,0]]]
[94,[262144,0,0],0,[[95,0,1099511628032,128],[96,0,0,67109024],[97,524288,0,0]]]
[95,[0,1099511628032,128],316.62,[[98,0,8388608,70368760954880],[99,0,-9223372036854775808,576460752320200704],[100,1048576,0,0]]]
[96,[0,0,67109024],546.8,[[98,0,8388608,70368760954880],[99,0,-9223372036854775808,576460752320200704],[100,1048576,0,0]]]
[97,[524288,0,0],0,[[98,0,8388608,70368760954880],[99,0,-9223372036854775808,576460752320200704],[100,1048576,0,0]]]
[98,[0,8388608,70368760954880],906.175,[[101,0,18014398509481984,4399120252928],[102,0,4096,-9223372035781033984],[103,2097152,0,0]]]
[99,[0,-9223372036854775808,576460752320200704],275.202,[[101,0,18014398509481984,4399120252928],[102,0,4096,-9223372035781033984],[103,2097152,0,0]]]
[100,[1048576,0,0],0,[[101,0,18014398509481984,4399120252928],[102,0,4096,-9223372035781033984],[103,2097152,0,0]]]
[101,[0,18014398509481984,4399120252928],196.516,[[104,0,262144,8623489024],[105,0,2199023255552,8804682956800],[106,4194304,0,0]]]
[102,[0,4096,-9223372035781033984],626.287,[[104,0,262144,8623489024],[105,0,2199023255552,8804682956800],[106,4194304,0,0]]]
[103,[2097152,0,0],0,[[104,0,262144,8623489024],[105,0,2199023255552,8804682956800],[106,4194304,0,0]]]
[104,[0,262144,8623489024],371.642,[[107,0,67108864,309237645312],[108,0,34361835520,274877906944],[109,8388608,0,0]]]
[105,[0,2199023255552,8804682956800],664.861,[[107,0,67108864,309237645312],[108,0,34361835520,274877906944],[109,8388608,0,0]]]
[106,[4194304,0,0],0,[[107,0,67108864,309237645312],[108,0,34361835520,274877906944],[109,8388608,0,0]]]
[107,[0,67108864,309237645312],663.602,[[110,0,9147936743096320,9007199254740992],[111,0,142936511610880,8192],[112,16777216,0,0]]]
[108,[0,34361835520,274877906944],647.736,[[110,0,9147936743096320,9007199254740992],[111,0,142936511610880,8192],[112,16777216,0,0]]]
[109,[8388608,0,0],0,[[110,0,9147936743096320,9007199254740992],[111,0,142936511610880,8192],[112,16777216,0,0]]]
[110,[0,9147936743096320,9007199254740992],605.224,[[113,0,74309393855807488,0],[114,0,-9151314442816847872,562949953421312],[115,33554432,0,0]]]
[111,[0,142936511610880,8192],442.415,[[113,0,74309393855807488,0],[114,0,-9151314442816847872,562949953421312],[115,33554432,0,0]]]
[112,[16777216,0,0],0,[[113,0,74309393855807488,0],[114,0,-9151314442816847872,562949953421312],[115,33554432,0,0]]]
[113,[0,74309393855807488,0],476.236,[[116,0,36028797027352576,1],[117,67108864,0,0]]]
[114,[0,-9151314442816847872,562949953421312],681.793,[[116,0,36028797027352576,1],[117,67108864,0,0]]]
[115,[33554432,0,0],0,[[116,0,36028797027352576,1],[117,67108864,0,0]]]
[116,[0,36028797027352576,1],659.472,[[118,0,8589934592,2251799813685504],[119,134217728,0,0]]]
[117,[67108864,0,0],0,[[118,0,8589934592,2251799813685504],[119,134217728,0,0]]]
[118,[0,8589934592,2251799813685504],654.773,[[120,0,268435456,263168],[121,268435456,0,0]]]
[119,[134217728,0,0],0,[[120,0,268435456,263168],[121,268435456,0,0]]]
[120,[0,268435456,263168],949.647,[[122,0,0,288231475663343616],[123,536870912,0,0]]]
[121,[268435456,0,0],0,[[122,0,0,288231475663343616],[123,536870912,0,0]]]
[122,[0,0,288231475663343616],857.437,[[124,0,262144,4503599627501568],[125,1073741824,0,0]]]
[123,[536870912,0,0],0,[[124,0,262144,4503599627501568],[125,1073741824,0,0]]]
[124,[0,262144,4503599627501568],677.804,[[126,0,1101659111424,1048576],[127,2147483648,0,0]]]
[125,[1073741824,0,0],0,[[126,0,1101659111424,1048576],[127,2147483648,0,0]]]
[126,[0,1101659111424,1048576],249.695,[[128,0,0,4611686155868438528],[129,4294967296,0,0]]]
[127,[2147483648,0,0],0,[[128,0,0,4611686155868438528],[129,4294967296,0,0]]]
[128,[0,0,4611686155868438528],812.316,[[130,0,9007199254740992,2199157473280],[131,8589934592,0,0]]]
[129,[4294967296,0,0],0,[[130,0,9007199254740992,2199157473280],[131,8589934592,0,0]]]
[130,[0,9007199254740992,2199157473280],429.751,[[132,0,68719476744,4294967296],[133,17179869184,0,0]]]
[131,[8589934592,0,0],0,[[132,0,68719476744,4294967296],[133,17179869184,0,0]]]
[132,[0,68719476744,4294967296],894.844,[[134,0,1152921504606912512,144115188075855872],[135,34359738368,0,0]]]
[133,[17179869184,0,0],0,[[134,0,1152921504606912512,144115188075855872],[135,34359738368,0,0]]]
[134,[0,1152921504606912512,144115188075855872],837.33,[]]
[135,[34359738368,0,0],0,[]]