[0,[1179656],805.017,[[12,135266308],[13,18874372],[14,49156],[15,164],[16,4116],[17,2147487748],[18,268566532],[19,8589934592]]]
[1,[8456],182.349,[[12,135266308],[13,18874372],[14,49156],[15,164],[16,4116],[17,2147487748],[18,268566532],[19,8589934592]]]
[2,[1073745928],906.62,[[12,135266308],[13,18874372],[14,49156],[15,164],[16,4116],[17,2147487748],[18,268566532],[19,8589934592]]]
[3,[268435592],977.35,[[12,135266308],[13,18874372],[14,49156],[15,164],[16,4116],[17,2147487748],[18,268566532],[19,8589934592]]]
[4,[8421384],443.293,[[12,135266308],[13,18874372],[14,49156],[15,164],[16,4116],[17,2147487748],[18,268566532],[19,8589934592]]]
[5,[2147483784],468.579,[[12,135266308],[13,18874372],[14,49156],[15,164],[16,4116],[17,2147487748],[18,268566532],[19,8589934592]]]
[6,[1073750024],510.969,[[12,135266308],[13,18874372],[14,49156],[15,164],[16,4116],[17,2147487748],[18,268566532],[19,8589934592]]]
[7,[134217992],394.363,[[12,135266308],[13,18874372],[14,49156],[15,164],[16,4116],[17,2147487748],[18,268566532],[19,8589934592]]]
[8,[1074266120],719.374,[[12,135266308],[13,18874372],[14,49156],[15,164],[16,4116],[17,2147487748],[18,268566532],[19,8589934592]]]
[9,[2147483720],442.773,[[12,135266308],[13,18874372],[14,49156],[15,164],[16,4116],[17,2147487748],[18,268566532],[19,8589934592]]]
[10,[2181038088],90.425,[[12,135266308],[13,18874372],[14,49156],[15,164],[16,4116],[17,2147487748],[18,268566532],[19,8589934592]]]
[11,[4294967296],0,[[12,135266308],[13,18874372],[14,49156],[15,164],[16,4116],[17,2147487748],[18,268566532],[19,8589934592]]]
[12,[135266308],344.65,[[20,1058816],[21,536879106],[22,10496],[23,12289],[24,67133440],[25,12416],[26,9472],[27,17179869184]]]
[13,[18874372],92.1142,[[20,1058816],[21,536879106],[22,10496],[23,12289],[24,67133440],[25,12416],[26,9472],[27,17179869184]]]
[14,[49156],755.95,[[20,1058816],[21,536879106],[22,10496],[23,12289],[24,67133440],[25,12416],[26,9472],[27,17179869184]]]
[15,[164],989.912,[[20,1058816],[21,536879106],[22,10496],[23,12289],[24,67133440],[25,12416],[26,9472],[27,17179869184]]]
[16,[4116],615.832,[[20,1058816],[21,536879106],[22,10496],[23,12289],[24,67133440],[25,12416],[26,9472],[27,17179869184]]]
[17,[2147487748],783.41,[[20,1058816],[21,536879106],[22,10496],[23,12289],[24,67133440],[25,12416],[26,9472],[27,17179869184]]]
[18,[268566532],803.614,[[20,1058816],[21,536879106],[22,10496],[23,12289],[24,67133440],[25,12416],[26,9472],[27,17179869184]]]
[19,[8589934592],0,[[20,1058816],[21,536879106],[22,10496],[23,12289],[24,67133440],[25,12416],[26,9472],[27,17179869184]]]
[20,[1058816],776.3,[[28,1078460416],[29,20971536],[30,71303184],[31,4194434],[32,6291458],[33,809500672],[34,34359738368]]]
[21,[536879106],486.964,[[28,1078460416],[29,20971536],[30,71303184],[31,4194434],[32,6291458],[33,809500672],[34,34359738368]]]
[22,[10496],570.847,[[28,1078460416],[29,20971536],[30,71303184],[31,4194434],[32,6291458],[33,809500672],[34,34359738368]]]
[23,[12289],794.71,[[28,1078460416],[29,20971536],[30,71303184],[31,4194434],[32,6291458],[33,809500672],[34,34359738368]]]
[24,[67133440],910.962,[[28,1078460416],[29,20971536],[30,71303184],[31,4194434],[32,6291458],[33,809500672],[34,34359738368]]]
[25,[12416],980.63,[[28,1078460416],[29,20971536],[30,71303184],[31,4194434],[32,6291458],[33,809500672],[34,34359738368]]]
[26,[9472],782.407,[[28,1078460416],[29,20971536],[30,71303184],[31,4194434],[32,6291458],[33,809500672],[34,34359738368]]]
[27,[17179869184],0,[[28,1078460416],[29,20971536],[30,71303184],[31,4194434],[32,6291458],[33,809500672],[34,34359738368]]]
[28,[1078460416],561.312,[[35,33554689],[36,9437185],[37,67110913],[38,193],[39,19],[40,68719476736]]]
[29,[20971536],971.467,[[35,33554689],[36,9437185],[37,67110913],[38,193],[39,19],[40,68719476736]]]
[30,[71303184],108.909,[[35,33554689],[36,9437185],[37,67110913],[38,193],[39,19],[40,68719476736]]]
[31,[4194434],366.135,[[35,33554689],[36,9437185],[37,67110913],[38,193],[39,19],[40,68719476736]]]
[32,[6291458],14.926,[[35,33554689],[36,9437185],[37,67110913],[38,193],[39,19],[40,68719476736]]]
[33,[809500672],405.588,[[35,33554689],[36,9437185],[37,67110913],[38,193],[39,19],[40,68719476736]]]
[34,[34359738368],0,[[35,33554689],[36,9437185],[37,67110913],[38,193],[39,19],[40,68719476736]]]
[35,[33554689],159.064,[[41,409600],[42,2260992],[43,1073872912],[44,2214723584],[45,151126016],[46,137438953472]]]
[36,[9437185],280.078,[[41,409600],[42,2260992],[43,1073872912],[44,2214723584],[45,151126016],[46,137438953472]]]
[37,[67110913],314.38,[[41,409600],[42,2260992],[43,1073872912],[44,2214723584],[45,151126016],[46,137438953472]]]
[38,[193],429.348,[[41,409600],[42,2260992],[43,1073872912],[44,2214723584],[45,151126016],[46,137438953472]]]
[39,[19],657.521,[[41,409600],[42,2260992],[43,1073872912],[44,2214723584],[45,151126016],[46,137438953472]]]
[40,[68719476736],0,[[41,409600],[42,2260992],[43,1073872912],[44,2214723584],[45,151126016],[46,137438953472]]]
[41,[409600],945.22,[[47,352],[48,589888],[49,32834],[50,525376],[51,274877906944]]]
[42,[2260992],951.724,[[47,352],[48,589888],[49,32834],[50,525376],[51,274877906944]]]
[43,[1073872912],934.338,[[47,352],[48,589888],[49,32834],[50,525376],[51,274877906944]]]
[44,[2214723584],266.28,[[47,352],[48,589888],[49,32834],[50,525376],[51,274877906944]]]
[45,[151126016],318.77,[[47,352],[48,589888],[49,32834],[50,525376],[51,274877906944]]]
[46,[137438953472],0,[[47,352],[48,589888],[49,32834],[50,525376],[51,274877906944]]]
[47,[352],327.845,[[52,1612709888],[53,671090688],[54,2684354688],[55,2692743168],[56,549755813888]]]
[48,[589888],540.043,[[52,1612709888],[53,671090688],[54,2684354688],[55,2692743168],[56,549755813888]]]
[49,[32834],161.38,[[52,1612709888],[53,671090688],[54,2684354688],[55,2692743168],[56,549755813888]]]
[50,[525376],598.779,[[52,1612709888],[53,671090688],[54,2684354688],[55,2692743168],[56,549755813888]]]
[51,[274877906944],0,[[52,1612709888],[53,671090688],[54,2684354688],[55,2692743168],[56,549755813888]]]
[52,[1612709888],669.86,[[57,151060480],[58,50332160],[59,18907136],[60,1099511627776]]]
[53,[671090688],882.282,[[57,151060480],[58,50332160],[59,18907136],[60,1099511627776]]]
[54,[2684354688],526.744,[[57,151060480],[58,50332160],[59,18907136],[60,1099511627776]]]
[55,[2692743168],350.457,[[57,151060480],[58,50332160],[59,18907136],[60,1099511627776]]]
[56,[549755813888],0,[[57,151060480],[58,50332160],[59,18907136],[60,1099511627776]]]
[57,[151060480],133.994,[[61,2215641088],[62,67141760],[63,69206032],[64,2199023255552]]]
[58,[50332160],383.001,[[61,2215641088],[62,67141760],[63,69206032],[64,2199023255552]]]
[59,[18907136],736.852,[[61,2215641088],[62,67141760],[63,69206032],[64,2199023255552]]]
[60,[1099511627776],0,[[61,2215641088],[62,67141760],[63,69206032],[64,2199023255552]]]
[61,[2215641088],465.605,[[65,8650754],[66,4398046511104]]]
[62,[67141760],798.315,[[65,8650754],[66,4398046511104]]]
[63,[69206032],544.988,[[65,8650754],[66,4398046511104]]]
[64,[2199023255552],0,[[65,8650754],[66,4398046511104]]]
[65,[8650754],83.4812,[[67,524832],[68,8796093022208]]]
[66,[4398046511104],0,[[67,524832],[68,8796093022208]]]
[67,[524832],911.651,[[69,2148532352],[70,17592186044416]]]
[68,[8796093022208],0,[[69,2148532352],[70,17592186044416]]]
[69,[2148532352],275.64,[[71,134283520],[72,35184372088832]]]
[70,[17592186044416],0,[[71,134283520],[72,35184372088832]]]
[71,[134283520],186.879,[[73,1342193664],[74,70368744177664]]]
[72,[35184372088832],0,[[73,1342193664],[74,70368744177664]]]
[73,[1342193664],249.473,[]]
[74,[70368744177664],0,[]]