[0,[70656],214.586,[[11,8389760],[12,8397056],[13,8390658],[14,75497473],[15,277086208],[16,8914944],[17,10489856],[18,1082132480],[19,8650816],[20,8589934592]]]
[1,[2147549192],35.6208,[[11,8389760],[12,8397056],[13,8390658],[14,75497473],[15,277086208],[16,8914944],[17,10489856],[18,1082132480],[19,8650816],[20,8589934592]]]
[2,[65696],54.4415,[[11,8389760],[12,8397056],[13,8390658],[14,75497473],[15,277086208],[16,8914944],[17,10489856],[18,1082132480],[19,8650816],[20,8589934592]]]
[3,[1342242816],765.335,[[11,8389760],[12,8397056],[13,8390658],[14,75497473],[15,277086208],[16,8914944],[17,10489856],[18,1082132480],[19,8650816],[20,8589934592]]]
[4,[65548],771.128,[[11,8389760],[12,8397056],[13,8390658],[14,75497473],[15,277086208],[16,8914944],[17,10489856],[18,1082132480],[19,8650816],[20,8589934592]]]
[5,[33619984],576.943,[[11,8389760],[12,8397056],[13,8390658],[14,75497473],[15,277086208],[16,8914944],[17,10489856],[18,1082132480],[19,8650816],[20,8589934592]]]
[6,[67174402],514.649,[[11,8389760],[12,8397056],[13,8390658],[14,75497473],[15,277086208],[16,8914944],[17,10489856],[18,1082132480],[19,8650816],[20,8589934592]]]
[7,[2147549188],700.752,[[11,8389760],[12,8397056],[13,8390658],[14,75497473],[15,277086208],[16,8914944],[17,10489856],[18,1082132480],[19,8650816],[20,8589934592]]]
[8,[268500996],791.12,[[11,8389760],[12,8397056],[13,8390658],[14,75497473],[15,277086208],[16,8914944],[17,10489856],[18,1082132480],[19,8650816],[20,8589934592]]]
[9,[2162704],515.547,[[11,8389760],[12,8397056],[13,8390658],[14,75497473],[15,277086208],[16,8914944],[17,10489856],[18,1082132480],[19,8650816],[20,8589934592]]]
[10,[4294967296],0,[[11,8389760],[12,8397056],[13,8390658],[14,75497473],[15,277086208],[16,8914944],[17,10489856],[18,1082132480],[19,8650816],[20,8589934592]]]
[11,[8389760],405.044,[[21,131586],[22,16908289],[23,147460],[24,1441792],[25,2147622912],[26,1610743808],[27,67240448],[28,2260992],[29,17179869184]]]
[12,[8397056],28.57,[[21,131586],[22,16908289],[23,147460],[24,1441792],[25,2147622912],[26,1610743808],[27,67240448],[28,2260992],[29,17179869184]]]
[13,[8390658],517.305,[[21,131586],[22,16908289],[23,147460],[24,1441792],[25,2147622912],[26,1610743808],[27,67240448],[28,2260992],[29,17179869184]]]
[14,[75497473],308.1,[[21,131586],[22,16908289],[23,147460],[24,1441792],[25,2147622912],[26,1610743808],[27,67240448],[28,2260992],[29,17179869184]]]
[15,[277086208],607.404,[[21,131586],[22,16908289],[23,147460],[24,1441792],[25,2147622912],[26,1610743808],[27,67240448],[28,2260992],[29,17179869184]]]
[16,[8914944],212.586,[[21,131586],[22,16908289],[23,147460],[24,1441792],[25,2147622912],[26,1610743808],[27,67240448],[28,2260992],[29,17179869184]]]
[17,[10489856],500.512,[[21,131586],[22,16908289],[23,147460],[24,1441792],[25,2147622912],[26,1610743808],[27,67240448],[28,2260992],[29,17179869184]]]
[18,[1082132480],102.96,[[21,131586],[22,16908289],[23,147460],[24,1441792],[25,2147622912],[26,1610743808],[27,67240448],[28,2260992],[29,17179869184]]]
[19,[8650816],278.815,[[21,131586],[22,16908289],[23,147460],[24,1441792],[25,2147622912],[26,1610743808],[27,67240448],[28,2260992],[29,17179869184]]]
[20,[8589934592],0,[[21,131586],[22,16908289],[23,147460],[24,1441792],[25,2147622912],[26,1610743808],[27,67240448],[28,2260992],[29,17179869184]]]
[21,[131586],738.593,[[30,268435466],[31,1048600],[32,32780],[33,536887304],[34,3221225480],[35,522],[36,17039368],[37,34359738368]]]
[22,[16908289],394.757,[[30,268435466],[31,1048600],[32,32780],[33,536887304],[34,3221225480],[35,522],[36,17039368],[37,34359738368]]]
[23,[147460],657.143,[[30,268435466],[31,1048600],[32,32780],[33,536887304],[34,3221225480],[35,522],[36,17039368],[37,34359738368]]]
[24,[1441792],804.833,[[30,268435466],[31,1048600],[32,32780],[33,536887304],[34,3221225480],[35,522],[36,17039368],[37,34359738368]]]
[25,[2147622912],568.222,[[30,268435466],[31,1048600],[32,32780],[33,536887304],[34,3221225480],[35,522],[36,17039368],[37,34359738368]]]
[26,[1610743808],256.511,[[30,268435466],[31,1048600],[32,32780],[33,536887304],[34,3221225480],[35,522],[36,17039368],[37,34359738368]]]
[27,[67240448],432.709,[[30,268435466],[31,1048600],[32,32780],[33,536887304],[34,3221225480],[35,522],[36,17039368],[37,34359738368]]]
[28,[2260992],421.658,[[30,268435466],[31,1048600],[32,32780],[33,536887304],[34,3221225480],[35,522],[36,17039368],[37,34359738368]]]
[29,[17179869184],0,[[30,268435466],[31,1048600],[32,32780],[33,536887304],[34,3221225480],[35,522],[36,17039368],[37,34359738368]]]
[30,[268435466],776.507,[[38,134235136],[39,138674176],[40,671088672],[41,134479873],[42,402653200],[43,138412034],[44,68719476736]]]
[31,[1048600],402.592,[[38,134235136],[39,138674176],[40,671088672],[41,134479873],[42,402653200],[43,138412034],[44,68719476736]]]
[32,[32780],546.486,[[38,134235136],[39,138674176],[40,671088672],[41,134479873],[42,402653200],[43,138412034],[44,68719476736]]]
[33,[536887304],541.491,[[38,134235136],[39,138674176],[40,671088672],[41,134479873],[42,402653200],[43,138412034],[44,68719476736]]]
[34,[3221225480],619.496,[[38,134235136],[39,138674176],[40,671088672],[41,134479873],[42,402653200],[43,138412034],[44,68719476736]]]
[35,[522],395.36,[[38,134235136],[39,138674176],[40,671088672],[41,134479873],[42,402653200],[43,138412034],[44,68719476736]]]
[36,[17039368],61.8361,[[38,134235136],[39,138674176],[40,671088672],[41,134479873],[42,402653200],[43,138412034],[44,68719476736]]]
[37,[34359738368],0,[[38,134235136],[39,138674176],[40,671088672],[41,134479873],[42,402653200],[43,138412034],[44,68719476736]]]
[38,[134235136],741.826,[[45,268437568],[46,3076],[47,1050880],[48,16779296],[49,2099201],[50,137438953472]]]
[39,[138674176],248.22,[[45,268437568],[46,3076],[47,1050880],[48,16779296],[49,2099201],[50,137438953472]]]
[40,[671088672],359.456,[[45,268437568],[46,3076],[47,1050880],[48,16779296],[49,2099201],[50,137438953472]]]
[41,[134479873],475.108,[[45,268437568],[46,3076],[47,1050880],[48,16779296],[49,2099201],[50,137438953472]]]
[42,[402653200],594.27,[[45,268437568],[46,3076],[47,1050880],[48,16779296],[49,2099201],[50,137438953472]]]
[43,[138412034],198.435,[[45,268437568],[46,3076],[47,1050880],[48,16779296],[49,2099201],[50,137438953472]]]
[44,[68719476736],0,[[45,268437568],[46,3076],[47,1050880],[48,16779296],[49,2099201],[50,137438953472]]]
[45,[268437568],579.874,[[51,1409286144],[52,1157627904],[53,1077936129],[54,1073742912],[55,274877906944]]]
[46,[3076],663.882,[[51,1409286144],[52,1157627904],[53,1077936129],[54,1073742912],[55,274877906944]]]
[47,[1050880],910.046,[[51,1409286144],[52,1157627904],[53,1077936129],[54,1073742912],[55,274877906944]]]
[48,[16779296],123.543,[[51,1409286144],[52,1157627904],[53,1077936129],[54,1073742912],[55,274877906944]]]
[49,[2099201],164.091,[[51,1409286144],[52,1157627904],[53,1077936129],[54,1073742912],[55,274877906944]]]
[50,[137438953472],0,[[51,1409286144],[52,1157627904],[53,1077936129],[54,1073742912],[55,274877906944]]]
[51,[1409286144],778.417,[[56,194],[57,32786],[58,33562626],[59,549755813888]]]
[52,[1157627904],244.631,[[56,194],[57,32786],[58,33562626],[59,549755813888]]]
[53,[1077936129],109.377,[[56,194],[57,32786],[58,33562626],[59,549755813888]]]
[54,[1073742912],77.5231,[[56,194],[57,32786],[58,33562626],[59,549755813888]]]
[55,[274877906944],0,[[56,194],[57,32786],[58,33562626],[59,549755813888]]]
[56,[194],840.006,[[60,2097200],[61,268439584],[62,2097312],[63,1099511627776]]]
[57,[32786],632.787,[[60,2097200],[61,268439584],[62,2097312],[63,1099511627776]]]
[58,[33562626],752.206,[[60,2097200],[61,268439584],[62,2097312],[63,1099511627776]]]
[59,[549755813888],0,[[60,2097200],[61,268439584],[62,2097312],[63,1099511627776]]]
[60,[2097200],197.724,[[64,6291968],[65,33559040],[66,2199023255552]]]
[61,[268439584],726.89,[[64,6291968],[65,33559040],[66,2199023255552]]]
[62,[2097312],739.827,[[64,6291968],[65,33559040],[66,2199023255552]]]
[63,[1099511627776],0,[[64,6291968],[65,33559040],[66,2199023255552]]]
[64,[6291968],195.748,[[67,21004288],[68,16778496],[69,4398046511104]]]
[65,[33559040],758.624,[[67,21004288],[68,16778496],[69,4398046511104]]]
[66,[2199023255552],0,[[67,21004288],[68,16778496],[69,4398046511104]]]
[67,[21004288],910.927,[[70,538443776],[71,8796093022208]]]
[68,[16778496],556.081,[[70,538443776],[71,8796093022208]]]
[69,[4398046511104],0,[[70,538443776],[71,8796093022208]]]
[70,[538443776],332.181,[]]
[71,[8796093022208],0,[]]