[0,[0,8192,0,137438953472,524288],603.505,[[4,0,18014398509481984,4,2251799813685248,0],[5,0,2199023255552,4611686018427387904,2251799813685248,0],[6,0,4,0,2251799813685248,36028797018963968],[7,2,0,0,0,0]]]
[1,[0,0,72057594037927936,0,655360],410.289,[[4,0,18014398509481984,4,2251799813685248,0],[5,0,2199023255552,4611686018427387904,2251799813685248,0],[6,0,4,0,2251799813685248,36028797018963968],[7,2,0,0,0,0]]]
[2,[0,1152921504640401408,0,0,524288],911.173,[[4,0,18014398509481984,4,2251799813685248,0],[5,0,2199023255552,4611686018427387904,2251799813685248,0],[6,0,4,0,2251799813685248,36028797018963968],[7,2,0,0,0,0]]]
[3,[1,0,0,0,0],0,[[4,0,18014398509481984,4,2251799813685248,0],[5,0,2199023255552,4611686018427387904,2251799813685248,0],[6,0,4,0,2251799813685248,36028797018963968],[7,2,0,0,0,0]]]
[4,[0,18014398509481984,4,2251799813685248,0],372.986,[[8,0,4194304,4294967296,0,64],[9,0,8589934592,8192,0,64],[10,4,0,0,0,0]]]
[5,[0,2199023255552,4611686018427387904,2251799813685248,0],44.0267,[[8,0,4194304,4294967296,0,64],[9,0,8589934592,8192,0,64],[10,4,0,0,0,0]]]
[6,[0,4,0,2251799813685248,36028797018963968],192.996,[[8,0,4194304,4294967296,0,64],[9,0,8589934592,8192,0,64],[10,4,0,0,0,0]]]
[7,[2,0,0,0,0],0,[[8,0,4194304,4294967296,0,64],[9,0,8589934592,8192,0,64],[10,4,0,0,0,0]]]
[8,[0,4194304,4294967296,0,64],791.716,[[11,0,0,0,10133099161583616,536870912],[12,0,32768,0,0,70369281048576],[13,8,0,0,0,0]]]
[9,[0,8589934592,8192,0,64],179.167,[[11,0,0,0,10133099161583616,536870912],[12,0,32768,0,0,70369281048576],[13,8,0,0,0,0]]]
[10,[4,0,0,0,0],0,[[11,0,0,0,10133099161583616,536870912],[12,0,32768,0,0,70369281048576],[13,8,0,0,0,0]]]
[11,[0,0,0,10133099161583616,536870912],83.9745,[[14,0,2305843009213693952,0,0,563087392374784],[15,0,16777216,0,2048,137438953472],[16,16,0,0,0,0]]]
[12,[0,32768,0,0,70369281048576],153.868,[[14,0,2305843009213693952,0,0,563087392374784],[15,0,16777216,0,2048,137438953472],[16,16,0,0,0,0]]]
[13,[8,0,0,0,0],0,[[14,0,2305843009213693952,0,0,563087392374784],[15,0,16777216,0,2048,137438953472],[16,16,0,0,0,0]]]
[14,[0,2305843009213693952,0,0,563087392374784],328.233,[[17,0,4,256,68719476736,0],[18,0,33554432,2147483648,68719476736,0],[19,32,0,0,0,0]]]
[15,[0,16777216,0,2048,137438953472],989.924,[[17,0,4,256,68719476736,0],[18,0,33554432,2147483648,68719476736,0],[19,32,0,0,0,0]]]
[16,[16,0,0,0,0],0,[[17,0,4,256,68719476736,0],[18,0,33554432,2147483648,68719476736,0],[19,32,0,0,0,0]]]
[17,[0,4,256,68719476736,0],127.841,[[20,0,536870916,65536,0,0],[21,0,2097152,65536,262144,0],[22,64,0,0,0,0]]]
[18,[0,33554432,2147483648,68719476736,0],732.407,[[20,0,536870916,65536,0,0],[21,0,2097152,65536,262144,0],[22,64,0,0,0,0]]]
[19,[32,0,0,0,0],0,[[20,0,536870916,65536,0,0],[21,0,2097152,65536,262144,0],[22,64,0,0,0,0]]]
[20,[0,536870916,65536,0,0],977.094,[[23,0,8796093284352,0,1099511627776,0],[24,0,36037593111986176,70368744177664,0,0],[25,128,0,0,0,0]]]
[21,[0,2097152,65536,262144,0],852.812,[[23,0,8796093284352,0,1099511627776,0],[24,0,36037593111986176,70368744177664,0,0],[25,128,0,0,0,0]]]
[22,[64,0,0,0,0],0,[[23,0,8796093284352,0,1099511627776,0],[24,0,36037593111986176,70368744177664,0,0],[25,128,0,0,0,0]]]
[23,[0,8796093284352,0,1099511627776,0],38.6144,[[26,0,72057594037927936,4198400,0,0],[27,0,72057594037927936,288230376151711744,288230376151711744,0],[28,256,0,0,0,0]]]
[24,[0,36037593111986176,70368744177664,0,0],461.64,[[26,0,72057594037927936,4198400,0,0],[27,0,72057594037927936,288230376151711744,288230376151711744,0],[28,256,0,0,0,0]]]
[25,[128,0,0,0,0],0,[[26,0,72057594037927936,4198400,0,0],[27,0,72057594037927936,288230376151711744,288230376151711744,0],[28,256,0,0,0,0]]]
[26,[0,72057594037927936,4198400,0,0],20.0335,[[29,0,0,0,566935683072,16777216],[30,512,0,0,0,0]]]
[27,[0,72057594037927936,288230376151711744,288230376151711744,0],982.305,[[29,0,0,0,566935683072,16777216],[30,512,0,0,0,0]]]
[28,[256,0,0,0,0],0,[[29,0,0,0,566935683072,16777216],[30,512,0,0,0,0]]]
[29,[0,0,0,566935683072,16777216],999.432,[[31,0,549755813888,8796093022208,0,34359738368],[32,1024,0,0,0,0]]]
[30,[512,0,0,0,0],0,[[31,0,549755813888,8796093022208,0,34359738368],[32,1024,0,0,0,0]]]
[31,[0,549755813888,8796093022208,0,34359738368],910.374,[[33,0,0,9007199254741024,0,2199023255552],[34,2048,0,0,0,0]]]
[32,[1024,0,0,0,0],0,[[33,0,0,9007199254741024,0,2199023255552],[34,2048,0,0,0,0]]]
[33,[0,0,9007199254741024,0,2199023255552],28.9051,[[35,0,0,0,8388608,2814749767106560],[36,4096,0,0,0,0]]]
[34,[2048,0,0,0,0],0,[[35,0,0,0,8388608,2814749767106560],[36,4096,0,0,0,0]]]
[35,[0,0,0,8388608,2814749767106560],103.486,[[37,0,0,0,-9223372036854743040,1152921504606846976],[38,8192,0,0,0,0]]]
[36,[4096,0,0,0,0],0,[[37,0,0,0,-9223372036854743040,1152921504606846976],[38,8192,0,0,0,0]]]
[37,[0,0,0,-9223372036854743040,1152921504606846976],900.222,[[39,0,0,268435456,274877906944,4611686018427387904],[40,16384,0,0,0,0]]]
[38,[8192,0,0,0,0],0,[[39,0,0,268435456,274877906944,4611686018427387904],[40,16384,0,0,0,0]]]
[39,[0,0,268435456,274877906944,4611686018427387904],405.158,[[41,0,0,0,16778496,0],[42,32768,0,0,0,0]]]
[40,[16384,0,0,0,0],0,[[41,0,0,0,16778496,0],[42,32768,0,0,0,0]]]
[41,[0,0,0,16778496,0],281.452,[[43,0,0,0,1729382256910274560,0],[44,65536,0,0,0,0]]]
[42,[32768,0,0,0,0],0,[[43,0,0,0,1729382256910274560,0],[44,65536,0,0,0,0]]]
[43,[0,0,0,1729382256910274560,0],940.32,[[45,0,0,144115188075856128,131072,0],[46,131072,0,0,0,0]]]
[44,[65536,0,0,0,0],0,[[45,0,0,144115188075856128,131072,0],[46,131072,0,0,0,0]]]
[45,[0,0,144115188075856128,131072,0],982.611,[[47,0,274877915136,0,140737488355328,0],[48,262144,0,0,0,0]]]
[46,[131072,0,0,0,0],0,[[47,0,274877915136,0,140737488355328,0],[48,262144,0,0,0,0]]]
[47,[0,274877915136,0,140737488355328,0],173.521,[]]
[48,[262144,0,0,0,0],0,[]]