[0,[0,4399187361792],516.15,[[13,0,41945088],[14,0,564049473437696],[15,0,8796134965248],[16,0,1152921504617332736],[17,0,-9223372036846387198],[18,0,281477132582912],[19,0,288511851136811008],[20,0,1099520016640],[21,2,0]]]
[1,[0,8797166772224],797.28,[[13,0,41945088],[14,0,564049473437696],[15,0,8796134965248],[16,0,1152921504617332736],[17,0,-9223372036846387198],[18,0,281477132582912],[19,0,288511851136811008],[20,0,1099520016640],[21,2,0]]]
[2,[0,1152921505949024256],411.69,[[13,0,41945088],[14,0,564049473437696],[15,0,8796134965248],[16,0,1152921504617332736],[17,0,-9223372036846387198],[18,0,281477132582912],[19,0,288511851136811008],[20,0,1099520016640],[21,2,0]]]
[3,[0,1342439424],363.658,[[13,0,41945088],[14,0,564049473437696],[15,0,8796134965248],[16,0,1152921504617332736],[17,0,-9223372036846387198],[18,0,281477132582912],[19,0,288511851136811008],[20,0,1099520016640],[21,2,0]]]
[4,[0,52613349376],752.935,[[13,0,41945088],[14,0,564049473437696],[15,0,8796134965248],[16,0,1152921504617332736],[17,0,-9223372036846387198],[18,0,281477132582912],[19,0,288511851136811008],[20,0,1099520016640],[21,2,0]]]
[5,[0,140738566291456],966.465,[[13,0,41945088],[14,0,564049473437696],[15,0,8796134965248],[16,0,1152921504617332736],[17,0,-9223372036846387198],[18,0,281477132582912],[19,0,288511851136811008],[20,0,1099520016640],[21,2,0]]]
[6,[0,5385486336],412.416,[[13,0,41945088],[14,0,564049473437696],[15,0,8796134965248],[16,0,1152921504617332736],[17,0,-9223372036846387198],[18,0,281477132582912],[19,0,288511851136811008],[20,0,1099520016640],[21,2,0]]]
[7,[0,562951027163648],67.3617,[[13,0,41945088],[14,0,564049473437696],[15,0,8796134965248],[16,0,1152921504617332736],[17,0,-9223372036846387198],[18,0,281477132582912],[19,0,288511851136811008],[20,0,1099520016640],[21,2,0]]]
[8,[0,162129587659079680],272.647,[[13,0,41945088],[14,0,564049473437696],[15,0,8796134965248],[16,0,1152921504617332736],[17,0,-9223372036846387198],[18,0,281477132582912],[19,0,288511851136811008],[20,0,1099520016640],[21,2,0]]]
[9,[0,9664724992],620.155,[[13,0,41945088],[14,0,564049473437696],[15,0,8796134965248],[16,0,1152921504617332736],[17,0,-9223372036846387198],[18,0,281477132582912],[19,0,288511851136811008],[20,0,1099520016640],[21,2,0]]]
[10,[0,576465151423676416],804.699,[[13,0,41945088],[14,0,564049473437696],[15,0,8796134965248],[16,0,1152921504617332736],[17,0,-9223372036846387198],[18,0,281477132582912],[19,0,288511851136811008],[20,0,1099520016640],[21,2,0]]]
[11,[0,1073742084],287.233,[[13,0,41945088],[14,0,564049473437696],[15,0,8796134965248],[16,0,1152921504617332736],[17,0,-9223372036846387198],[18,0,281477132582912],[19,0,288511851136811008],[20,0,1099520016640],[21,2,0]]]
[12,[1,0],0,[[13,0,41945088],[14,0,564049473437696],[15,0,8796134965248],[16,0,1152921504617332736],[17,0,-9223372036846387198],[18,0,281477132582912],[19,0,288511851136811008],[20,0,1099520016640],[21,2,0]]]
[13,[0,41945088],972.048,[[22,0,4683743612465332224],[23,0,72066392278433792],[24,0,72057615512764416],[25,0,72057594105102336],[26,0,72057594044219392],[27,0,72057594306363456],[28,0,216172786408751104],[29,0,73464968921481216],[30,4,0]]]
[14,[0,564049473437696],401.291,[[22,0,4683743612465332224],[23,0,72066392278433792],[24,0,72057615512764416],[25,0,72057594105102336],[26,0,72057594044219392],[27,0,72057594306363456],[28,0,216172786408751104],[29,0,73464968921481216],[30,4,0]]]
[15,[0,8796134965248],678.571,[[22,0,4683743612465332224],[23,0,72066392278433792],[24,0,72057615512764416],[25,0,72057594105102336],[26,0,72057594044219392],[27,0,72057594306363456],[28,0,216172786408751104],[29,0,73464968921481216],[30,4,0]]]
[16,[0,1152921504617332736],70.286,[[22,0,4683743612465332224],[23,0,72066392278433792],[24,0,72057615512764416],[25,0,72057594105102336],[26,0,72057594044219392],[27,0,72057594306363456],[28,0,216172786408751104],[29,0,73464968921481216],[30,4,0]]]
[17,[0,-9223372036846387198],16.4544,[[22,0,4683743612465332224],[23,0,72066392278433792],[24,0,72057615512764416],[25,0,72057594105102336],[26,0,72057594044219392],[27,0,72057594306363456],[28,0,216172786408751104],[29,0,73464968921481216],[30,4,0]]]
[18,[0,281477132582912],132.468,[[22,0,4683743612465332224],[23,0,72066392278433792],[24,0,72057615512764416],[25,0,72057594105102336],[26,0,72057594044219392],[27,0,72057594306363456],[28,0,216172786408751104],[29,0,73464968921481216],[30,4,0]]]
[19,[0,288511851136811008],446.431,[[22,0,4683743612465332224],[23,0,72066392278433792],[24,0,72057615512764416],[25,0,72057594105102336],[26,0,72057594044219392],[27,0,72057594306363456],[28,0,216172786408751104],[29,0,73464968921481216],[30,4,0]]]
[20,[0,1099520016640],358.864,[[22,0,4683743612465332224],[23,0,72066392278433792],[24,0,72057615512764416],[25,0,72057594105102336],[26,0,72057594044219392],[27,0,72057594306363456],[28,0,216172786408751104],[29,0,73464968921481216],[30,4,0]]]
[21,[2,0],0,[[22,0,4683743612465332224],[23,0,72066392278433792],[24,0,72057615512764416],[25,0,72057594105102336],[26,0,72057594044219392],[27,0,72057594306363456],[28,0,216172786408751104],[29,0,73464968921481216],[30,4,0]]]
[22,[0,4683743612465332224],471.586,[[31,0,36030996042285056],[32,0,4505798650642432],[33,0,1128098997207040],[34,0,2199023255585],[35,0,10995116277776],[36,0,4506898162253824],[37,0,2308097008050634752],[38,8,0]]]
[23,[0,72066392278433792],228.288,[[31,0,36030996042285056],[32,0,4505798650642432],[33,0,1128098997207040],[34,0,2199023255585],[35,0,10995116277776],[36,0,4506898162253824],[37,0,2308097008050634752],[38,8,0]]]
[24,[0,72057615512764416],858.534,[[31,0,36030996042285056],[32,0,4505798650642432],[33,0,1128098997207040],[34,0,2199023255585],[35,0,10995116277776],[36,0,4506898162253824],[37,0,2308097008050634752],[38,8,0]]]
[25,[0,72057594105102336],427.478,[[31,0,36030996042285056],[32,0,4505798650642432],[33,0,1128098997207040],[34,0,2199023255585],[35,0,10995116277776],[36,0,4506898162253824],[37,0,2308097008050634752],[38,8,0]]]
[26,[0,72057594044219392],790.326,[[31,0,36030996042285056],[32,0,4505798650642432],[33,0,1128098997207040],[34,0,2199023255585],[35,0,10995116277776],[36,0,4506898162253824],[37,0,2308097008050634752],[38,8,0]]]
[27,[0,72057594306363456],481.451,[[31,0,36030996042285056],[32,0,4505798650642432],[33,0,1128098997207040],[34,0,2199023255585],[35,0,10995116277776],[36,0,4506898162253824],[37,0,2308097008050634752],[38,8,0]]]
[28,[0,216172786408751104],995.014,[[31,0,36030996042285056],[32,0,4505798650642432],[33,0,1128098997207040],[34,0,2199023255585],[35,0,10995116277776],[36,0,4506898162253824],[37,0,2308097008050634752],[38,8,0]]]
[29,[0,73464968921481216],337.767,[[31,0,36030996042285056],[32,0,4505798650642432],[33,0,1128098997207040],[34,0,2199023255585],[35,0,10995116277776],[36,0,4506898162253824],[37,0,2308097008050634752],[38,8,0]]]
[30,[4,0],0,[[31,0,36030996042285056],[32,0,4505798650642432],[33,0,1128098997207040],[34,0,2199023255585],[35,0,10995116277776],[36,0,4506898162253824],[37,0,2308097008050634752],[38,8,0]]]
[31,[0,36030996042285056],823.016,[[39,0,162],[40,0,8589934722],[41,0,8589938816],[42,0,140737488617600],[43,0,36028797086072960],[44,0,4503599629467776],[45,16,0]]]
[32,[0,4505798650642432],77.5126,[[39,0,162],[40,0,8589934722],[41,0,8589938816],[42,0,140737488617600],[43,0,36028797086072960],[44,0,4503599629467776],[45,16,0]]]
[33,[0,1128098997207040],249.018,[[39,0,162],[40,0,8589934722],[41,0,8589938816],[42,0,140737488617600],[43,0,36028797086072960],[44,0,4503599629467776],[45,16,0]]]
[34,[0,2199023255585],285.604,[[39,0,162],[40,0,8589934722],[41,0,8589938816],[42,0,140737488617600],[43,0,36028797086072960],[44,0,4503599629467776],[45,16,0]]]
[35,[0,10995116277776],474.273,[[39,0,162],[40,0,8589934722],[41,0,8589938816],[42,0,140737488617600],[43,0,36028797086072960],[44,0,4503599629467776],[45,16,0]]]
[36,[0,4506898162253824],448.873,[[39,0,162],[40,0,8589934722],[41,0,8589938816],[42,0,140737488617600],[43,0,36028797086072960],[44,0,4503599629467776],[45,16,0]]]
[37,[0,2308097008050634752],48.8642,[[39,0,162],[40,0,8589934722],[41,0,8589938816],[42,0,140737488617600],[43,0,36028797086072960],[44,0,4503599629467776],[45,16,0]]]
[38,[8,0],0,[[39,0,162],[40,0,8589934722],[41,0,8589938816],[42,0,140737488617600],[43,0,36028797086072960],[44,0,4503599629467776],[45,16,0]]]
[39,[0,162],556.264,[[46,0,211106232533504],[47,0,144115188075856388],[48,0,1152921504611041792],[49,0,4611686018427388432],[50,0,549755815424],[51,0,36028865738441216],[52,32,0]]]
[40,[0,8589934722],708.995,[[46,0,211106232533504],[47,0,144115188075856388],[48,0,1152921504611041792],[49,0,4611686018427388432],[50,0,549755815424],[51,0,36028865738441216],[52,32,0]]]
[41,[0,8589938816],743.784,[[46,0,211106232533504],[47,0,144115188075856388],[48,0,1152921504611041792],[49,0,4611686018427388432],[50,0,549755815424],[51,0,36028865738441216],[52,32,0]]]
[42,[0,140737488617600],916.605,[[46,0,211106232533504],[47,0,144115188075856388],[48,0,1152921504611041792],[49,0,4611686018427388432],[50,0,549755815424],[51,0,36028865738441216],[52,32,0]]]
[43,[0,36028797086072960],550.413,[[46,0,211106232533504],[47,0,144115188075856388],[48,0,1152921504611041792],[49,0,4611686018427388432],[50,0,549755815424],[51,0,36028865738441216],[52,32,0]]]
[44,[0,4503599629467776],753.617,[[46,0,211106232533504],[47,0,144115188075856388],[48,0,1152921504611041792],[49,0,4611686018427388432],[50,0,549755815424],[51,0,36028865738441216],[52,32,0]]]
[45,[16,0],0,[[46,0,211106232533504],[47,0,144115188075856388],[48,0,1152921504611041792],[49,0,4611686018427388432],[50,0,549755815424],[51,0,36028865738441216],[52,32,0]]]
[46,[0,211106232533504],22.5309,[[53,0,70368744341504],[54,0,52776558264320],[55,0,70867091456],[56,0,288230376156037120],[57,0,34393423872],[58,0,136445952],[59,64,0]]]
[47,[0,144115188075856388],94.1561,[[53,0,70368744341504],[54,0,52776558264320],[55,0,70867091456],[56,0,288230376156037120],[57,0,34393423872],[58,0,136445952],[59,64,0]]]
[48,[0,1152921504611041792],681.542,[[53,0,70368744341504],[54,0,52776558264320],[55,0,70867091456],[56,0,288230376156037120],[57,0,34393423872],[58,0,136445952],[59,64,0]]]
[49,[0,4611686018427388432],792.65,[[53,0,70368744341504],[54,0,52776558264320],[55,0,70867091456],[56,0,288230376156037120],[57,0,34393423872],[58,0,136445952],[59,64,0]]]
[50,[0,549755815424],687.67,[[53,0,70368744341504],[54,0,52776558264320],[55,0,70867091456],[56,0,288230376156037120],[57,0,34393423872],[58,0,136445952],[59,64,0]]]
[51,[0,36028865738441216],716.218,[[53,0,70368744341504],[54,0,52776558264320],[55,0,70867091456],[56,0,288230376156037120],[57,0,34393423872],[58,0,136445952],[59,64,0]]]
[52,[32,0],0,[[53,0,70368744341504],[54,0,52776558264320],[55,0,70867091456],[56,0,288230376156037120],[57,0,34393423872],[58,0,136445952],[59,64,0]]]
[53,[0,70368744341504],964.839,[[60,0,-9223372036837998528],[61,0,52428800],[62,0,83886336],[63,0,288230380463456256],[64,0,1152921538983362560],[65,128,0]]]
[54,[0,52776558264320],756.398,[[60,0,-9223372036837998528],[61,0,52428800],[62,0,83886336],[63,0,288230380463456256],[64,0,1152921538983362560],[65,128,0]]]
[55,[0,70867091456],175.011,[[60,0,-9223372036837998528],[61,0,52428800],[62,0,83886336],[63,0,288230380463456256],[64,0,1152921538983362560],[65,128,0]]]
[56,[0,288230376156037120],497.914,[[60,0,-9223372036837998528],[61,0,52428800],[62,0,83886336],[63,0,288230380463456256],[64,0,1152921538983362560],[65,128,0]]]
[57,[0,34393423872],519.717,[[60,0,-9223372036837998528],[61,0,52428800],[62,0,83886336],[63,0,288230380463456256],[64,0,1152921538983362560],[65,128,0]]]
[58,[0,136445952],535.363,[[60,0,-9223372036837998528],[61,0,52428800],[62,0,83886336],[63,0,288230380463456256],[64,0,1152921538983362560],[65,128,0]]]
[59,[64,0],0,[[60,0,-9223372036837998528],[61,0,52428800],[62,0,83886336],[63,0,288230380463456256],[64,0,1152921538983362560],[65,128,0]]]
[60,[0,-9223372036837998528],230.377,[[66,0,564053760016384],[67,0,22519097648480256],[68,0,71468256067584],[69,0,71468255838208],[70,0,1236950583296],[71,256,0]]]
[61,[0,52428800],482.263,[[66,0,564053760016384],[67,0,22519097648480256],[68,0,71468256067584],[69,0,71468255838208],[70,0,1236950583296],[71,256,0]]]
[62,[0,83886336],430.386,[[66,0,564053760016384],[67,0,22519097648480256],[68,0,71468256067584],[69,0,71468255838208],[70,0,1236950583296],[71,256,0]]]
[63,[0,288230380463456256],334.381,[[66,0,564053760016384],[67,0,22519097648480256],[68,0,71468256067584],[69,0,71468255838208],[70,0,1236950583296],[71,256,0]]]
[64,[0,1152921538983362560],994.228,[[66,0,564053760016384],[67,0,22519097648480256],[68,0,71468256067584],[69,0,71468255838208],[70,0,1236950583296],[71,256,0]]]
[65,[128,0],0,[[66,0,564053760016384],[67,0,22519097648480256],[68,0,71468256067584],[69,0,71468255838208],[70,0,1236950583296],[71,256,0]]]
[66,[0,564053760016384],109.01,[[72,0,562950020531200],[73,0,1049602],[74,0,18014399046353920],[75,0,4398046528512],[76,512,0]]]
[67,[0,22519097648480256],986.565,[[72,0,562950020531200],[73,0,1049602],[74,0,18014399046353920],[75,0,4398046528512],[76,512,0]]]
[68,[0,71468256067584],576.81,[[72,0,562950020531200],[73,0,1049602],[74,0,18014399046353920],[75,0,4398046528512],[76,512,0]]]
[69,[0,71468255838208],591.028,[[72,0,562950020531200],[73,0,1049602],[74,0,18014399046353920],[75,0,4398046528512],[76,512,0]]]
[70,[0,1236950583296],601.947,[[72,0,562950020531200],[73,0,1049602],[74,0,18014399046353920],[75,0,4398046528512],[76,512,0]]]
[71,[256,0],0,[[72,0,562950020531200],[73,0,1049602],[74,0,18014399046353920],[75,0,4398046528512],[76,512,0]]]
[72,[0,562950020531200],504.795,[[77,0,35184376807424],[78,0,2181562368],[79,0,275146866688],[80,0,9015995348287488],[81,1024,0]]]
[73,[0,1049602],110.457,[[77,0,35184376807424],[78,0,2181562368],[79,0,275146866688],[80,0,9015995348287488],[81,1024,0]]]
[74,[0,18014399046353920],388.289,[[77,0,35184376807424],[78,0,2181562368],[79,0,275146866688],[80,0,9015995348287488],[81,1024,0]]]
[75,[0,4398046528512],855.251,[[77,0,35184376807424],[78,0,2181562368],[79,0,275146866688],[80,0,9015995348287488],[81,1024,0]]]
[76,[512,0],0,[[77,0,35184376807424],[78,0,2181562368],[79,0,275146866688],[80,0,9015995348287488],[81,1024,0]]]
[77,[0,35184376807424],783.513,[[82,0,1297036692686897152],[83,0,145241088049807360],[84,0,144115325515071488],[85,0,144119586390802432],[86,2048,0]]]
[78,[0,2181562368],1.50585,[[82,0,1297036692686897152],[83,0,145241088049807360],[84,0,144115325515071488],[85,0,144119586390802432],[86,2048,0]]]
[79,[0,275146866688],625.81,[[82,0,1297036692686897152],[83,0,145241088049807360],[84,0,144115325515071488],[85,0,144119586390802432],[86,2048,0]]]
[80,[0,9015995348287488],106.55,[[82,0,1297036692686897152],[83,0,145241088049807360],[84,0,144115325515071488],[85,0,144119586390802432],[86,2048,0]]]
[81,[1024,0],0,[[82,0,1297036692686897152],[83,0,145241088049807360],[84,0,144115325515071488],[85,0,144119586390802432],[86,2048,0]]]
[82,[0,1297036692686897152],641.887,[[87,0,2310346608841064456],[88,0,134217800],[89,0,9007203549708296],[90,4096,0]]]
[83,[0,145241088049807360],307.72,[[87,0,2310346608841064456],[88,0,134217800],[89,0,9007203549708296],[90,4096,0]]]
[84,[0,144115325515071488],421.02,[[87,0,2310346608841064456],[88,0,134217800],[89,0,9007203549708296],[90,4096,0]]]
[85,[0,144119586390802432],527.125,[[87,0,2310346608841064456],[88,0,134217800],[89,0,9007203549708296],[90,4096,0]]]
[86,[2048,0],0,[[87,0,2310346608841064456],[88,0,134217800],[89,0,9007203549708296],[90,4096,0]]]
[87,[0,2310346608841064456],88.8175,[[91,0,38280596832657408],[92,0,562967133298688],[93,0,8210],[94,8192,0]]]
[88,[0,134217800],308.812,[[91,0,38280596832657408],[92,0,562967133298688],[93,0,8210],[94,8192,0]]]
[89,[0,9007203549708296],822.997,[[91,0,38280596832657408],[92,0,562967133298688],[93,0,8210],[94,8192,0]]]
[90,[4096,0],0,[[91,0,38280596832657408],[92,0,562967133298688],[93,0,8210],[94,8192,0]]]
[91,[0,38280596832657408],409.486,[[95,0,23622320128],[96,0,9007201403273216],[97,0,17594333593600],[98,16384,0]]]
[92,[0,562967133298688],545.906,[[95,0,23622320128],[96,0,9007201403273216],[97,0,17594333593600],[98,16384,0]]]
[93,[0,8210],233.433,[[95,0,23622320128],[96,0,9007201403273216],[97,0,17594333593600],[98,16384,0]]]
[94,[8192,0],0,[[95,0,23622320128],[96,0,9007201403273216],[97,0,17594333593600],[98,16384,0]]]
[95,[0,23622320128],284.511,[[99,0,4899916394579116032],[100,0,4611686052791320576],[101,0,6917529027641082112],[102,32768,0]]]
[96,[0,9007201403273216],812.155,[[99,0,4899916394579116032],[100,0,4611686052791320576],[101,0,6917529027641082112],[102,32768,0]]]
[97,[0,17594333593600],370.885,[[99,0,4899916394579116032],[100,0,4611686052791320576],[101,0,6917529027641082112],[102,32768,0]]]
[98,[16384,0],0,[[99,0,4899916394579116032],[100,0,4611686052791320576],[101,0,6917529027641082112],[102,32768,0]]]
[99,[0,4899916394579116032],391.14,[[103,0,18014673387388929],[104,0,1125899906908161],[105,65536,0]]]
[100,[0,4611686052791320576],927.636,[[103,0,18014673387388929],[104,0,1125899906908161],[105,65536,0]]]
[101,[0,6917529027641082112],431.655,[[103,0,18014673387388929],[104,0,1125899906908161],[105,65536,0]]]
[102,[32768,0],0,[[103,0,18014673387388929],[104,0,1125899906908161],[105,65536,0]]]
[103,[0,18014673387388929],817.266,[[106,0,576465219069411328],[107,0,8864812515328],[108,131072,0]]]
[104,[0,1125899906908161],926.256,[[106,0,576465219069411328],[107,0,8864812515328],[108,131072,0]]]
[105,[65536,0],0,[[106,0,576465219069411328],[107,0,8864812515328],[108,131072,0]]]
[106,[0,576465219069411328],137.354,[[109,0,352118598795264],[110,0,246290604621824],[111,262144,0]]]
[107,[0,8864812515328],259.185,[[109,0,352118598795264],[110,0,246290604621824],[111,262144,0]]]
[108,[131072,0],0,[[109,0,352118598795264],[110,0,246290604621824],[111,262144,0]]]
[109,[0,352118598795264],993.201,[[112,0,-9222809086901352448],[113,0,9570149208162560],[114,524288,0]]]
[110,[0,246290604621824],648.395,[[112,0,-9222809086901352448],[113,0,9570149208162560],[114,524288,0]]]
[111,[262144,0],0,[[112,0,-9222809086901352448],[113,0,9570149208162560],[114,524288,0]]]
[112,[0,-9222809086901352448],840.622,[[115,0,2261145662521344],[116,0,1155173304420532240],[117,1048576,0]]]
[113,[0,9570149208162560],440.192,[[115,0,2261145662521344],[116,0,1155173304420532240],[117,1048576,0]]]
[114,[524288,0],0,[[115,0,2261145662521344],[116,0,1155173304420532240],[117,1048576,0]]]
[115,[0,2261145662521344],519.974,[[118,0,570425348],[119,2097152,0]]]
[116,[0,1155173304420532240],532.183,[[118,0,570425348],[119,2097152,0]]]
[117,[1048576,0],0,[[118,0,570425348],[119,2097152,0]]]
[118,[0,570425348],244.144,[[120,0,21475885056],[121,4194304,0]]]
[119,[2097152,0],0,[[120,0,21475885056],[121,4194304,0]]]
[120,[0,21475885056],419.237,[[122,0,146033082368],[123,8388608,0]]]
[121,[4194304,0],0,[[122,0,146033082368],[123,8388608,0]]]
[122,[0,146033082368],354.649,[]]
[123,[8388608,0],0,[]]