[0,[0,67108864,0,576460760893358080,0],59.8825,[[5,0,0,281749854617600,4194304,0],[6,0,288230376151711744,36310271995674624,0,0],[7,0,0,281492156579840,65536,0],[8,0,0,72339069014638592,67108864,0],[9,2,0,0,0,0]]]
[1,[0,1,562949953421312,8589934592,0],777.376,[[5,0,0,281749854617600,4194304,0],[6,0,288230376151711744,36310271995674624,0,0],[7,0,0,281492156579840,65536,0],[8,0,0,72339069014638592,67108864,0],[9,2,0,0,0,0]]]
[2,[0,131072,0,8589934592,1048576],936.432,[[5,0,0,281749854617600,4194304,0],[6,0,288230376151711744,36310271995674624,0,0],[7,0,0,281492156579840,65536,0],[8,0,0,72339069014638592,67108864,0],[9,2,0,0,0,0]]]
[3,[0,0,0,8589950976,1048576],786.39,[[5,0,0,281749854617600,4194304,0],[6,0,288230376151711744,36310271995674624,0,0],[7,0,0,281492156579840,65536,0],[8,0,0,72339069014638592,67108864,0],[9,2,0,0,0,0]]]
[4,[1,0,0,0,0],0,[[5,0,0,281749854617600,4194304,0],[6,0,288230376151711744,36310271995674624,0,0],[7,0,0,281492156579840,65536,0],[8,0,0,72339069014638592,67108864,0],[9,2,0,0,0,0]]]
[5,[0,0,281749854617600,4194304,0],646.502,[[10,0,4,0,0,18014398509744128],[11,0,0,16384,128,18014398509481984],[12,0,0,524288,0,18014415689351168],[13,4,0,0,0,0]]]
[6,[0,288230376151711744,36310271995674624,0,0],477.188,[[10,0,4,0,0,18014398509744128],[11,0,0,16384,128,18014398509481984],[12,0,0,524288,0,18014415689351168],[13,4,0,0,0,0]]]
[7,[0,0,281492156579840,65536,0],350.197,[[10,0,4,0,0,18014398509744128],[11,0,0,16384,128,18014398509481984],[12,0,0,524288,0,18014415689351168],[13,4,0,0,0,0]]]
[8,[0,0,72339069014638592,67108864,0],836.058,[[10,0,4,0,0,18014398509744128],[11,0,0,16384,128,18014398509481984],[12,0,0,524288,0,18014415689351168],[13,4,0,0,0,0]]]
[9,[2,0,0,0,0],0,[[10,0,4,0,0,18014398509744128],[11,0,0,16384,128,18014398509481984],[12,0,0,524288,0,18014415689351168],[13,4,0,0,0,0]]]
[10,[0,4,0,0,18014398509744128],106.475,[[14,0,562949953421312,0,8192,144115188075855872],[15,0,283467841536,0,0,144115188075855872],[16,0,0,0,17592186044416,144115205255725056],[17,8,0,0,0,0]]]
[11,[0,0,16384,128,18014398509481984],957.651,[[14,0,562949953421312,0,8192,144115188075855872],[15,0,283467841536,0,0,144115188075855872],[16,0,0,0,17592186044416,144115205255725056],[17,8,0,0,0,0]]]
[12,[0,0,524288,0,18014415689351168],696.696,[[14,0,562949953421312,0,8192,144115188075855872],[15,0,283467841536,0,0,144115188075855872],[16,0,0,0,17592186044416,144115205255725056],[17,8,0,0,0,0]]]
[13,[4,0,0,0,0],0,[[14,0,562949953421312,0,8192,144115188075855872],[15,0,283467841536,0,0,144115188075855872],[16,0,0,0,17592186044416,144115205255725056],[17,8,0,0,0,0]]]
[14,[0,562949953421312,0,8192,144115188075855872],988.496,[[18,0,512,34359738368,262144,0],[19,0,0,0,262144,1026],[20,0,0,1099511627776,262144,65536],[21,16,0,0,0,0]]]
[15,[0,283467841536,0,0,144115188075855872],930.632,[[18,0,512,34359738368,262144,0],[19,0,0,0,262144,1026],[20,0,0,1099511627776,262144,65536],[21,16,0,0,0,0]]]
[16,[0,0,0,17592186044416,144115205255725056],533.847,[[18,0,512,34359738368,262144,0],[19,0,0,0,262144,1026],[20,0,0,1099511627776,262144,65536],[21,16,0,0,0,0]]]
[17,[8,0,0,0,0],0,[[18,0,512,34359738368,262144,0],[19,0,0,0,262144,1026],[20,0,0,1099511627776,262144,65536],[21,16,0,0,0,0]]]
[18,[0,512,34359738368,262144,0],21.6106,[[22,0,0,-9223372036854775808,33554432,536870912],[23,0,2181038080,0,33554432,0],[24,0,0,36028797018963968,72057594071482368,0],[25,32,0,0,0,0]]]
[19,[0,0,0,262144,1026],963.886,[[22,0,0,-9223372036854775808,33554432,536870912],[23,0,2181038080,0,33554432,0],[24,0,0,36028797018963968,72057594071482368,0],[25,32,0,0,0,0]]]
[20,[0,0,1099511627776,262144,65536],698.567,[[22,0,0,-9223372036854775808,33554432,536870912],[23,0,2181038080,0,33554432,0],[24,0,0,36028797018963968,72057594071482368,0],[25,32,0,0,0,0]]]
[21,[16,0,0,0,0],0,[[22,0,0,-9223372036854775808,33554432,536870912],[23,0,2181038080,0,33554432,0],[24,0,0,36028797018963968,72057594071482368,0],[25,32,0,0,0,0]]]
[22,[0,0,-9223372036854775808,33554432,536870912],169.096,[[26,0,144115188080050176,4398046511104,0,0],[27,0,4194304,0,16448,0],[28,0,144115188080050176,0,17592186044416,0],[29,64,0,0,0,0]]]
[23,[0,2181038080,0,33554432,0],491.514,[[26,0,144115188080050176,4398046511104,0,0],[27,0,4194304,0,16448,0],[28,0,144115188080050176,0,17592186044416,0],[29,64,0,0,0,0]]]
[24,[0,0,36028797018963968,72057594071482368,0],920.496,[[26,0,144115188080050176,4398046511104,0,0],[27,0,4194304,0,16448,0],[28,0,144115188080050176,0,17592186044416,0],[29,64,0,0,0,0]]]
[25,[32,0,0,0,0],0,[[26,0,144115188080050176,4398046511104,0,0],[27,0,4194304,0,16448,0],[28,0,144115188080050176,0,17592186044416,0],[29,64,0,0,0,0]]]
[26,[0,144115188080050176,4398046511104,0,0],786.753,[[30,0,0,549755813888,549755813888,512],[31,0,35184372088832,16,0,512],[32,128,0,0,0,0]]]
[27,[0,4194304,0,16448,0],707.557,[[30,0,0,549755813888,549755813888,512],[31,0,35184372088832,16,0,512],[32,128,0,0,0,0]]]
[28,[0,144115188080050176,0,17592186044416,0],122.265,[[30,0,0,549755813888,549755813888,512],[31,0,35184372088832,16,0,512],[32,128,0,0,0,0]]]
[29,[64,0,0,0,0],0,[[30,0,0,549755813888,549755813888,512],[31,0,35184372088832,16,0,512],[32,128,0,0,0,0]]]
[30,[0,0,549755813888,549755813888,512],843.834,[[33,0,0,1125899906842632,0,4194304],[34,0,0,0,4194304,4210688],[35,256,0,0,0,0]]]
[31,[0,35184372088832,16,0,512],522.972,[[33,0,0,1125899906842632,0,4194304],[34,0,0,0,4194304,4210688],[35,256,0,0,0,0]]]
[32,[128,0,0,0,0],0,[[33,0,0,1125899906842632,0,4194304],[34,0,0,0,4194304,4210688],[35,256,0,0,0,0]]]
[33,[0,0,1125899906842632,0,4194304],270.73,[[36,0,0,8589934592,140737488355336,0],[37,0,4398046511104,0,8,1125899906842624],[38,512,0,0,0,0]]]
[34,[0,0,0,4194304,4210688],743.1,[[36,0,0,8589934592,140737488355336,0],[37,0,4398046511104,0,8,1125899906842624],[38,512,0,0,0,0]]]
[35,[256,0,0,0,0],0,[[36,0,0,8589934592,140737488355336,0],[37,0,4398046511104,0,8,1125899906842624],[38,512,0,0,0,0]]]
[36,[0,0,8589934592,140737488355336,0],559.018,[[39,0,0,0,4096,67117056],[40,0,0,16384,4294971392,0],[41,1024,0,0,0,0]]]
[37,[0,4398046511104,0,8,1125899906842624],841.947,[[39,0,0,0,4096,67117056],[40,0,0,16384,4294971392,0],[41,1024,0,0,0,0]]]
[38,[512,0,0,0,0],0,[[39,0,0,0,4096,67117056],[40,0,0,16384,4294971392,0],[41,1024,0,0,0,0]]]
[39,[0,0,0,4096,67117056],112.28,[[42,0,0,0,72059793061183489,0],[43,0,16777216,8388608,72057594037927936,0],[44,2048,0,0,0,0]]]
[40,[0,0,16384,4294971392,0],384.538,[[42,0,0,0,72059793061183489,0],[43,0,16777216,8388608,72057594037927936,0],[44,2048,0,0,0,0]]]
[41,[1024,0,0,0,0],0,[[42,0,0,0,72059793061183489,0],[43,0,16777216,8388608,72057594037927936,0],[44,2048,0,0,0,0]]]
[42,[0,0,0,72059793061183489,0],492.284,[[45,0,32769,1048576,0,0],[46,0,0,1048576,-9223372036854775808,562949953421312],[47,4096,0,0,0,0]]]
[43,[0,16777216,8388608,72057594037927936,0],637.026,[[45,0,32769,1048576,0,0],[46,0,0,1048576,-9223372036854775808,562949953421312],[47,4096,0,0,0,0]]]
[44,[2048,0,0,0,0],0,[[45,0,32769,1048576,0,0],[46,0,0,1048576,-9223372036854775808,562949953421312],[47,4096,0,0,0,0]]]
[45,[0,32769,1048576,0,0],472.033,[[48,0,34359738368,1152921504606846976,274877906944,0],[49,0,36028831378702848,0,0,0],[50,8192,0,0,0,0]]]
[46,[0,0,1048576,-9223372036854775808,562949953421312],763.45,[[48,0,34359738368,1152921504606846976,274877906944,0],[49,0,36028831378702848,0,0,0],[50,8192,0,0,0,0]]]
[47,[4096,0,0,0,0],0,[[48,0,34359738368,1152921504606846976,274877906944,0],[49,0,36028831378702848,0,0,0],[50,8192,0,0,0,0]]]
[48,[0,34359738368,1152921504606846976,274877906944,0],657.845,[[51,0,1099511627776,0,2048,32],[52,0,1099511627776,36169534507319296,0,0],[53,16384,0,0,0,0]]]
[49,[0,36028831378702848,0,0,0],39.4864,[[51,0,1099511627776,0,2048,32],[52,0,1099511627776,36169534507319296,0,0],[53,16384,0,0,0,0]]]
[50,[8192,0,0,0,0],0,[[51,0,1099511627776,0,2048,32],[52,0,1099511627776,36169534507319296,0,0],[53,16384,0,0,0,0]]]
[51,[0,1099511627776,0,2048,32],395.188,[[54,0,72057594105036800,0,0,128],[55,32768,0,0,0,0]]]
[52,[0,1099511627776,36169534507319296,0,0],657.951,[[54,0,72057594105036800,0,0,128],[55,32768,0,0,0,0]]]
[53,[16384,0,0,0,0],0,[[54,0,72057594105036800,0,0,128],[55,32768,0,0,0,0]]]
[54,[0,72057594105036800,0,0,128],696.178,[[56,0,0,0,67109376,1024],[57,65536,0,0,0,0]]]
[55,[32768,0,0,0,0],0,[[56,0,0,0,67109376,1024],[57,65536,0,0,0,0]]]
[56,[0,0,0,67109376,1024],632.864,[[58,0,288230376151711744,0,0,34359740416],[59,131072,0,0,0,0]]]
[57,[65536,0,0,0,0],0,[[58,0,288230376151711744,0,0,34359740416],[59,131072,0,0,0,0]]]
[58,[0,288230376151711744,0,0,34359740416],493.931,[[60,0,0,18014398509481984,16,2097152],[61,262144,0,0,0,0]]]
[59,[131072,0,0,0,0],0,[[60,0,0,18014398509481984,16,2097152],[61,262144,0,0,0,0]]]
[60,[0,0,18014398509481984,16,2097152],808.122,[[62,0,2,0,2305843009213693952,16777216],[63,524288,0,0,0,0]]]
[61,[262144,0,0,0,0],0,[[62,0,2,0,2305843009213693952,16777216],[63,524288,0,0,0,0]]]
[62,[0,2,0,2305843009213693952,16777216],333.075,[[64,0,0,0,524288,68853694464],[65,1048576,0,0,0,0]]]
[63,[524288,0,0,0,0],0,[[64,0,0,0,524288,68853694464],[65,1048576,0,0,0,0]]]
[64,[0,0,0,524288,68853694464],108.831,[[66,0,0,549755813888,576460752303423488,8589934592],[67,2097152,0,0,0,0]]]
[65,[1048576,0,0,0,0],0,[[66,0,0,549755813888,576460752303423488,8589934592],[67,2097152,0,0,0,0]]]
[66,[0,0,549755813888,576460752303423488,8589934592],987.795,[[68,0,70368744177664,17592186044416,0,137438953472],[69,4194304,0,0,0,0]]]
[67,[2097152,0,0,0,0],0,[[68,0,70368744177664,17592186044416,0,137438953472],[69,4194304,0,0,0,0]]]
[68,[0,70368744177664,17592186044416,0,137438953472],949.611,[[70,0,262144,0,16384,2199023255552],[71,8388608,0,0,0,0]]]
[69,[4194304,0,0,0,0],0,[[70,0,262144,0,16384,2199023255552],[71,8388608,0,0,0,0]]]
[70,[0,262144,0,16384,2199023255552],243.107,[[72,0,35184372088832,0,70368744177664,281474976710656],[73,16777216,0,0,0,0]]]
[71,[8388608,0,0,0,0],0,[[72,0,35184372088832,0,70368744177664,281474976710656],[73,16777216,0,0,0,0]]]
[72,[0,35184372088832,0,70368744177664,281474976710656],587.996,[[74,0,0,16,4503599627370496,4503599627370496],[75,33554432,0,0,0,0]]]
[73,[16777216,0,0,0,0],0,[[74,0,0,16,4503599627370496,4503599627370496],[75,33554432,0,0,0,0]]]
[74,[0,0,16,4503599627370496,4503599627370496],657.711,[[76,0,268435456,0,140737488355330,0],[77,67108864,0,0,0,0]]]
[75,[33554432,0,0,0,0],0,[[76,0,268435456,0,140737488355330,0],[77,67108864,0,0,0,0]]]
[76,[0,268435456,0,140737488355330,0],187.679,[[78,0,0,35184372088832,18014398509514752,0],[79,134217728,0,0,0,0]]]
[77,[67108864,0,0,0,0],0,[[78,0,0,35184372088832,18014398509514752,0],[79,134217728,0,0,0,0]]]
[78,[0,0,35184372088832,18014398509514752,0],24.253,[[80,0,0,72057594037927936,281475110928384,0],[81,268435456,0,0,0,0]]]
[79,[134217728,0,0,0,0],0,[[80,0,0,72057594037927936,281475110928384,0],[81,268435456,0,0,0,0]]]
[80,[0,0,72057594037927936,281475110928384,0],671.073,[[82,0,4398046511104,131072,536870912,0],[83,536870912,0,0,0,0]]]
[81,[268435456,0,0,0,0],0,[[82,0,4398046511104,131072,536870912,0],[83,536870912,0,0,0,0]]]
[82,[0,4398046511104,131072,536870912,0],970.641,[[84,0,562950087639040,0,34359738368,0],[85,1073741824,0,0,0,0]]]
[83,[536870912,0,0,0,0],0,[[84,0,562950087639040,0,34359738368,0],[85,1073741824,0,0,0,0]]]
[84,[0,562950087639040,0,34359738368,0],655.505,[[86,0,1152921504606846980,0,2251799813685248,0],[87,2147483648,0,0,0,0]]]
[85,[1073741824,0,0,0,0],0,[[86,0,1152921504606846980,0,2251799813685248,0],[87,2147483648,0,0,0,0]]]
[86,[0,1152921504606846980,0,2251799813685248,0],195.17,[[88,0,0,17179873280,9007199254740992,0],[89,4294967296,0,0,0,0]]]
[87,[2147483648,0,0,0,0],0,[[88,0,0,17179873280,9007199254740992,0],[89,4294967296,0,0,0,0]]]
[88,[0,0,17179873280,9007199254740992,0],780.287,[[90,0,4611686018427387904,268435456,36028797018963968,0],[91,8589934592,0,0,0,0]]]
[89,[4294967296,0,0,0,0],0,[[90,0,4611686018427387904,268435456,36028797018963968,0],[91,8589934592,0,0,0,0]]]
[90,[0,4611686018427387904,268435456,36028797018963968,0],408.667,[[92,0,32,2199023255560,0,0],[93,17179869184,0,0,0,0]]]
[91,[8589934592,0,0,0,0],0,[[92,0,32,2199023255560,0,0],[93,17179869184,0,0,0,0]]]
[92,[0,32,2199023255560,0,0],992.625,[[94,0,8796093022208,562949961809920,0,0],[95,34359738368,0,0,0,0]]]
[93,[17179869184,0,0,0,0],0,[[94,0,8796093022208,562949961809920,0,0],[95,34359738368,0,0,0,0]]]
[94,[0,8796093022208,562949961809920,0,0],116.935,[]]
[95,[34359738368,0,0,0,0],0,[]]