[0,[0,288305142942400512],785.551,[[12,0,2252074691608576],[13,0,2305843318451339264],[14,0,274877911552],[15,0,274911465472],[16,0,283467842560],[17,0,412316860672],[18,2,0]]]
[1,[0,576531121584472064],127.188,[[12,0,2252074691608576],[13,0,2305843318451339264],[14,0,274877911552],[15,0,274911465472],[16,0,283467842560],[17,0,412316860672],[18,2,0]]]
[2,[0,87960930226176],641.787,[[12,0,2252074691608576],[13,0,2305843318451339264],[14,0,274877911552],[15,0,274911465472],[16,0,283467842560],[17,0,412316860672],[18,2,0]]]
[3,[0,87978110091264],213.222,[[12,0,2252074691608576],[13,0,2305843318451339264],[14,0,274877911552],[15,0,274911465472],[16,0,283467842560],[17,0,412316860672],[18,2,0]]]
[4,[0,3448068464705536],384.842,[[12,0,2252074691608576],[13,0,2305843318451339264],[14,0,274877911552],[15,0,274911465472],[16,0,283467842560],[17,0,412316860672],[18,2,0]]]
[5,[0,-9223301393232691200],55.4588,[[12,0,2252074691608576],[13,0,2305843318451339264],[14,0,274877911552],[15,0,274911465472],[16,0,283467842560],[17,0,412316860672],[18,2,0]]]
[6,[0,352943232516096],278.027,[[12,0,2252074691608576],[13,0,2305843318451339264],[14,0,274877911552],[15,0,274911465472],[16,0,283467842560],[17,0,412316860672],[18,2,0]]]
[7,[0,70368777732098],197.034,[[12,0,2252074691608576],[13,0,2305843318451339264],[14,0,274877911552],[15,0,274911465472],[16,0,283467842560],[17,0,412316860672],[18,2,0]]]
[8,[0,70368744178240],843.669,[[12,0,2252074691608576],[13,0,2305843318451339264],[14,0,274877911552],[15,0,274911465472],[16,0,283467842560],[17,0,412316860672],[18,2,0]]]
[9,[0,633387417075712],626.531,[[12,0,2252074691608576],[13,0,2305843318451339264],[14,0,274877911552],[15,0,274911465472],[16,0,283467842560],[17,0,412316860672],[18,2,0]]]
[10,[0,288300744895891456],419.851,[[12,0,2252074691608576],[13,0,2305843318451339264],[14,0,274877911552],[15,0,274911465472],[16,0,283467842560],[17,0,412316860672],[18,2,0]]]
[11,[1,0],0,[[12,0,2252074691608576],[13,0,2305843318451339264],[14,0,274877911552],[15,0,274911465472],[16,0,283467842560],[17,0,412316860672],[18,2,0]]]
[12,[0,2252074691608576],485.972,[[19,0,2748913287168],[20,0,72058143793741826],[21,0,576463501082492928],[22,0,687194771456],[23,0,549755977728],[24,0,141287244169217],[25,4,0]]]
[13,[0,2305843318451339264],574.669,[[19,0,2748913287168],[20,0,72058143793741826],[21,0,576463501082492928],[22,0,687194771456],[23,0,549755977728],[24,0,141287244169217],[25,4,0]]]
[14,[0,274877911552],270.594,[[19,0,2748913287168],[20,0,72058143793741826],[21,0,576463501082492928],[22,0,687194771456],[23,0,549755977728],[24,0,141287244169217],[25,4,0]]]
[15,[0,274911465472],671.164,[[19,0,2748913287168],[20,0,72058143793741826],[21,0,576463501082492928],[22,0,687194771456],[23,0,549755977728],[24,0,141287244169217],[25,4,0]]]
[16,[0,283467842560],808.042,[[19,0,2748913287168],[20,0,72058143793741826],[21,0,576463501082492928],[22,0,687194771456],[23,0,549755977728],[24,0,141287244169217],[25,4,0]]]
[17,[0,412316860672],792.132,[[19,0,2748913287168],[20,0,72058143793741826],[21,0,576463501082492928],[22,0,687194771456],[23,0,549755977728],[24,0,141287244169217],[25,4,0]]]
[18,[2,0],0,[[19,0,2748913287168],[20,0,72058143793741826],[21,0,576463501082492928],[22,0,687194771456],[23,0,549755977728],[24,0,141287244169217],[25,4,0]]]
[19,[0,2748913287168],163.545,[[26,0,1548112371908608],[27,0,140806207832096],[28,0,4644345705660416],[29,0,576601489791779072],[30,0,142970871349248],[31,8,0]]]
[20,[0,72058143793741826],799.268,[[26,0,1548112371908608],[27,0,140806207832096],[28,0,4644345705660416],[29,0,576601489791779072],[30,0,142970871349248],[31,8,0]]]
[21,[0,576463501082492928],665.843,[[26,0,1548112371908608],[27,0,140806207832096],[28,0,4644345705660416],[29,0,576601489791779072],[30,0,142970871349248],[31,8,0]]]
[22,[0,687194771456],817.977,[[26,0,1548112371908608],[27,0,140806207832096],[28,0,4644345705660416],[29,0,576601489791779072],[30,0,142970871349248],[31,8,0]]]
[23,[0,549755977728],829.386,[[26,0,1548112371908608],[27,0,140806207832096],[28,0,4644345705660416],[29,0,576601489791779072],[30,0,142970871349248],[31,8,0]]]
[24,[0,141287244169217],196.103,[[26,0,1548112371908608],[27,0,140806207832096],[28,0,4644345705660416],[29,0,576601489791779072],[30,0,142970871349248],[31,8,0]]]
[25,[4,0],0,[[26,0,1548112371908608],[27,0,140806207832096],[28,0,4644345705660416],[29,0,576601489791779072],[30,0,142970871349248],[31,8,0]]]
[26,[0,1548112371908608],65.3984,[[32,0,1073758464],[33,0,1073759232],[34,0,144115189149597712],[35,0,580964353004535808],[36,16,0]]]
[27,[0,140806207832096],371.644,[[32,0,1073758464],[33,0,1073759232],[34,0,144115189149597712],[35,0,580964353004535808],[36,16,0]]]
[28,[0,4644345705660416],907.013,[[32,0,1073758464],[33,0,1073759232],[34,0,144115189149597712],[35,0,580964353004535808],[36,16,0]]]
[29,[0,576601489791779072],340.525,[[32,0,1073758464],[33,0,1073759232],[34,0,144115189149597712],[35,0,580964353004535808],[36,16,0]]]
[30,[0,142970871349248],490.473,[[32,0,1073758464],[33,0,1073759232],[34,0,144115189149597712],[35,0,580964353004535808],[36,16,0]]]
[31,[8,0],0,[[32,0,1073758464],[33,0,1073759232],[34,0,144115189149597712],[35,0,580964353004535808],[36,16,0]]]
[32,[0,1073758464],800.81,[[37,0,4398113619970],[38,0,4398046511620],[39,0,144119586122366980],[40,0,4402341478656],[41,32,0]]]
[33,[0,1073759232],98.5971,[[37,0,4398113619970],[38,0,4398046511620],[39,0,144119586122366980],[40,0,4402341478656],[41,32,0]]]
[34,[0,144115189149597712],430.657,[[37,0,4398113619970],[38,0,4398046511620],[39,0,144119586122366980],[40,0,4402341478656],[41,32,0]]]
[35,[0,580964353004535808],468.313,[[37,0,4398113619970],[38,0,4398046511620],[39,0,144119586122366980],[40,0,4402341478656],[41,32,0]]]
[36,[16,0],0,[[37,0,4398113619970],[38,0,4398046511620],[39,0,144119586122366980],[40,0,4402341478656],[41,32,0]]]
[37,[0,4398113619970],892.436,[[42,0,10616832],[43,0,562949961940992],[44,0,68786716672],[45,64,0]]]
[38,[0,4398046511620],347.508,[[42,0,10616832],[43,0,562949961940992],[44,0,68786716672],[45,64,0]]]
[39,[0,144119586122366980],987.227,[[42,0,10616832],[43,0,562949961940992],[44,0,68786716672],[45,64,0]]]
[40,[0,4402341478656],790.062,[[42,0,10616832],[43,0,562949961940992],[44,0,68786716672],[45,64,0]]]
[41,[32,0],0,[[42,0,10616832],[43,0,562949961940992],[44,0,68786716672],[45,64,0]]]
[42,[0,10616832],531.873,[[46,0,72339069014638594],[47,0,134250498],[48,128,0]]]
[43,[0,562949961940992],477.674,[[46,0,72339069014638594],[47,0,134250498],[48,128,0]]]
[44,[0,68786716672],110.402,[[46,0,72339069014638594],[47,0,134250498],[48,128,0]]]
[45,[64,0],0,[[46,0,72339069014638594],[47,0,134250498],[48,128,0]]]
[46,[0,72339069014638594],217.926,[[49,0,536871048],[50,0,612489549322387464],[51,256,0]]]
[47,[0,134250498],567.747,[[49,0,536871048],[50,0,612489549322387464],[51,256,0]]]
[48,[128,0],0,[[49,0,536871048],[50,0,612489549322387464],[51,256,0]]]
[49,[0,536871048],455.371,[[52,0,532496],[53,0,72057594037928016],[54,512,0]]]
[50,[0,612489549322387464],861.202,[[52,0,532496],[53,0,72057594037928016],[54,512,0]]]
[51,[256,0],0,[[52,0,532496],[53,0,72057594037928016],[54,512,0]]]
[52,[0,532496],697.578,[[55,0,33817088],[56,0,9007216434610688],[57,1024,0]]]
[53,[0,72057594037928016],238.446,[[55,0,33817088],[56,0,9007216434610688],[57,1024,0]]]
[54,[512,0],0,[[55,0,33817088],[56,0,9007216434610688],[57,1024,0]]]
[55,[0,33817088],87.9158,[[58,0,8796097740800],[59,0,1099515854848],[60,2048,0]]]
[56,[0,9007216434610688],218.484,[[58,0,8796097740800],[59,0,1099515854848],[60,2048,0]]]
[57,[1024,0],0,[[58,0,8796097740800],[59,0,1099515854848],[60,2048,0]]]
[58,[0,8796097740800],321.827,[[61,0,4611686029164806144],[62,0,3458764522410475520],[63,4096,0]]]
[59,[0,1099515854848],991.984,[[61,0,4611686029164806144],[62,0,3458764522410475520],[63,4096,0]]]
[60,[2048,0],0,[[61,0,4611686029164806144],[62,0,3458764522410475520],[63,4096,0]]]
[61,[0,4611686029164806144],350.382,[[64,0,37383395606528],[65,0,3435973836800],[66,8192,0]]]
[62,[0,3458764522410475520],305.486,[[64,0,37383395606528],[65,0,3435973836800],[66,8192,0]]]
[63,[4096,0],0,[[64,0,37383395606528],[65,0,3435973836800],[66,8192,0]]]
[64,[0,37383395606528],990.628,[[67,0,144115192370823296],[68,0,144115188078018560],[69,16384,0]]]
[65,[0,3435973836800],950.816,[[67,0,144115192370823296],[68,0,144115188078018560],[69,16384,0]]]
[66,[8192,0],0,[[67,0,144115192370823296],[68,0,144115188078018560],[69,16384,0]]]
[67,[0,144115192370823296],272.095,[[70,0,35184439197760],[71,32768,0]]]
[68,[0,144115188078018560],489.1,[[70,0,35184439197760],[71,32768,0]]]
[69,[16384,0],0,[[70,0,35184439197760],[71,32768,0]]]
[70,[0,35184439197760],574.59,[[72,0,1407374883553536],[73,65536,0]]]
[71,[32768,0],0,[[72,0,1407374883553536],[73,65536,0]]]
[72,[0,1407374883553536],166.523,[[74,0,292733975779084288],[75,131072,0]]]
[73,[65536,0],0,[[74,0,292733975779084288],[75,131072,0]]]
[74,[0,292733975779084288],132.296,[[76,0,16801792],[77,262144,0]]]
[75,[131072,0],0,[[76,0,16801792],[77,262144,0]]]
[76,[0,16801792],614.803,[[78,0,-4611686018393833472],[79,524288,0]]]
[77,[262144,0],0,[[78,0,-4611686018393833472],[79,524288,0]]]
[78,[0,-4611686018393833472],843.537,[]]
[79,[524288,0],0,[]]