[0,[0,2305845208237998080],106.33,[[6,0,549755813898],[7,0,262178],[8,0,34361835522],[9,2,0]]]
[1,[0,10999411245056],98.7621,[[6,0,549755813898],[7,0,262178],[8,0,34361835522],[9,2,0]]]
[2,[0,2199560192000],110.055,[[6,0,549755813898],[7,0,262178],[8,0,34361835522],[9,2,0]]]
[3,[0,72064191107694592],502.279,[[6,0,549755813898],[7,0,262178],[8,0,34361835522],[9,2,0]]]
[4,[0,2199027515392],562.393,[[6,0,549755813898],[7,0,262178],[8,0,34361835522],[9,2,0]]]
[5,[1,0],0,[[6,0,549755813898],[7,0,262178],[8,0,34361835522],[9,2,0]]]
[6,[0,549755813898],743.976,[[10,0,4503599627370760],[11,0,536871232],[12,0,1081600],[13,4,0]]]
[7,[0,262178],550.962,[[10,0,4503599627370760],[11,0,536871232],[12,0,1081600],[13,4,0]]]
[8,[0,34361835522],716.257,[[10,0,4503599627370760],[11,0,536871232],[12,0,1081600],[13,4,0]]]
[9,[2,0],0,[[10,0,4503599627370760],[11,0,536871232],[12,0,1081600],[13,4,0]]]
[10,[0,4503599627370760],743.7,[[14,0,9007267974742016],[15,0,36028797019488272],[16,0,4503599627911168],[17,8,0]]]
[11,[0,536871232],57.2916,[[14,0,9007267974742016],[15,0,36028797019488272],[16,0,4503599627911168],[17,8,0]]]
[12,[0,1081600],222.827,[[14,0,9007267974742016],[15,0,36028797019488272],[16,0,4503599627911168],[17,8,0]]]
[13,[4,0],0,[[14,0,9007267974742016],[15,0,36028797019488272],[16,0,4503599627911168],[17,8,0]]]
[14,[0,9007267974742016],905.282,[[18,0,281474976710816],[19,0,281474977763328],[20,0,144396667347533824],[21,16,0]]]
[15,[0,36028797019488272],321.427,[[18,0,281474976710816],[19,0,281474977763328],[20,0,144396667347533824],[21,16,0]]]
[16,[0,4503599627911168],860.426,[[18,0,281474976710816],[19,0,281474977763328],[20,0,144396667347533824],[21,16,0]]]
[17,[8,0],0,[[18,0,281474976710816],[19,0,281474977763328],[20,0,144396667347533824],[21,16,0]]]
[18,[0,281474976710816],924.019,[[22,0,4202497],[23,0,33562656],[24,32,0]]]
[19,[0,281474977763328],212.836,[[22,0,4202497],[23,0,33562656],[24,32,0]]]
[20,[0,144396667347533824],658.552,[[22,0,4202497],[23,0,33562656],[24,32,0]]]
[21,[16,0],0,[[22,0,4202497],[23,0,33562656],[24,32,0]]]
[22,[0,4202497],487.791,[[25,0,563499709366272],[26,0,1170935903116460032],[27,64,0]]]
[23,[0,33562656],302.053,[[25,0,563499709366272],[26,0,1170935903116460032],[27,64,0]]]
[24,[32,0],0,[[25,0,563499709366272],[26,0,1170935903116460032],[27,64,0]]]
[25,[0,563499709366272],348.455,[[28,0,2305843284091863040],[29,0,68720787456],[30,128,0]]]
[26,[0,1170935903116460032],625.142,[[28,0,2305843284091863040],[29,0,68720787456],[30,128,0]]]
[27,[64,0],0,[[28,0,2305843284091863040],[29,0,68720787456],[30,128,0]]]
[28,[0,2305843284091863040],834.793,[[31,0,11258999070523392],[32,0,4620693286401605632],[33,256,0]]]
[29,[0,68720787456],25.1205,[[31,0,11258999070523392],[32,0,4620693286401605632],[33,256,0]]]
[30,[128,0],0,[[31,0,11258999070523392],[32,0,4620693286401605632],[33,256,0]]]
[31,[0,11258999070523392],648.716,[[34,0,72066390130951168],[35,0,72092778410082304],[36,512,0]]]
[32,[0,4620693286401605632],199.618,[[34,0,72066390130951168],[35,0,72092778410082304],[36,512,0]]]
[33,[256,0],0,[[34,0,72066390130951168],[35,0,72092778410082304],[36,512,0]]]
[34,[0,72066390130951168],770.539,[[37,0,32904],[38,1024,0]]]
[35,[0,72092778410082304],470.293,[[37,0,32904],[38,1024,0]]]
[36,[512,0],0,[[37,0,32904],[38,1024,0]]]
[37,[0,32904],29.8952,[[39,0,4611686155883118592],[40,2048,0]]]
[38,[1024,0],0,[[39,0,4611686155883118592],[40,2048,0]]]
[39,[0,4611686155883118592],286.221,[[41,0,288230410645667840],[42,4096,0]]]
[40,[2048,0],0,[[41,0,288230410645667840],[42,4096,0]]]
[41,[0,288230410645667840],823.485,[]]
[42,[4096,0],0,[]]