[0,[2060],295.048,[[268566560],[269484064],[73760],[17440],[536875040],[8589934592]]]
[1,[268445696],646.128,[[268566560],[269484064],[73760],[17440],[536875040],[8589934592]]]
[2,[2564],134.093,[[268566560],[269484064],[73760],[17440],[536875040],[8589934592]]]
[3,[33589248],914.772,[[268566560],[269484064],[73760],[17440],[536875040],[8589934592]]]
[4,[10487808],836.306,[[268566560],[269484064],[73760],[17440],[536875040],[8589934592]]]
[5,[133376],244.094,[[268566560],[269484064],[73760],[17440],[536875040],[8589934592]]]
[6,[67111424],528.949,[[268566560],[269484064],[73760],[17440],[536875040],[8589934592]]]
[7,[1073743888],228.734,[[268566560],[269484064],[73760],[17440],[536875040],[8589934592]]]
[8,[4294967296],0,[[268566560],[269484064],[73760],[17440],[536875040],[8589934592]]]
[9,[268566560],248.707,[[671105024],[1744830464],[2285895680],[134348801],[402653200],[17179869184]]]
[10,[269484064],760.647,[[671105024],[1744830464],[2285895680],[134348801],[402653200],[17179869184]]]
[11,[73760],547.996,[[671105024],[1744830464],[2285895680],[134348801],[402653200],[17179869184]]]
[12,[17440],54.9329,[[671105024],[1744830464],[2285895680],[134348801],[402653200],[17179869184]]]
[13,[536875040],396.263,[[671105024],[1744830464],[2285895680],[134348801],[402653200],[17179869184]]]
[14,[8589934592],0,[[671105024],[1744830464],[2285895680],[134348801],[402653200],[17179869184]]]
[15,[671105024],760.681,[[1075839040],[16908352],[82],[34359738368]]]
[16,[1744830464],251.16,[[1075839040],[16908352],[82],[34359738368]]]
[17,[2285895680],159.363,[[1075839040],[16908352],[82],[34359738368]]]
[18,[134348801],461.788,[[1075839040],[16908352],[82],[34359738368]]]
[19,[402653200],250.489,[[1075839040],[16908352],[82],[34359738368]]]
[20,[17179869184],0,[[1075839040],[16908352],[82],[34359738368]]]
[21,[1075839040],713.375,[[16818176],[139520],[2105345],[68719476736]]]
[22,[16908352],253.338,[[16818176],[139520],[2105345],[68719476736]]]
[23,[82],726.763,[[16818176],[139520],[2105345],[68719476736]]]
[24,[34359738368],0,[[16818176],[139520],[2105345],[68719476736]]]
[25,[16818176],829.233,[[802816],[277348352],[1091043328],[137438953472]]]
[26,[139520],690.542,[[802816],[277348352],[1091043328],[137438953472]]]
[27,[2105345],397.187,[[802816],[277348352],[1091043328],[137438953472]]]
[28,[68719476736],0,[[802816],[277348352],[1091043328],[137438953472]]]
[29,[802816],692.983,[[538968066],[603996160],[274877906944]]]
[30,[277348352],875.695,[[538968066],[603996160],[274877906944]]]
[31,[1091043328],127.242,[[538968066],[603996160],[274877906944]]]
[32,[137438953472],0,[[538968066],[603996160],[274877906944]]]
[33,[538968066],9.29858,[[2147484176],[549755813888]]]
[34,[603996160],669.938,[[2147484176],[549755813888]]]
[35,[274877906944],0,[[2147484176],[549755813888]]]
[36,[2147484176],191.941,[]]
[37,[549755813888],0,[]]