[38,[2060],295.048,[[37,268566560],[29,269484064],[21,73760],[14,17440],[8,536875040],[5,8589934592]]]
[30,[268445696],646.128,[[37,268566560],[29,269484064],[21,73760],[14,17440],[8,536875040],[5,8589934592]]]
[22,[2564],134.093,[[37,268566560],[29,269484064],[21,73760],[14,17440],[8,536875040],[5,8589934592]]]
[15,[33589248],914.772,[[37,268566560],[29,269484064],[21,73760],[14,17440],[8,536875040],[5,8589934592]]]
[9,[10487808],836.306,[[37,268566560],[29,269484064],[21,73760],[14,17440],[8,536875040],[5,8589934592]]]
[6,[133376],244.094,[[37,268566560],[29,269484064],[21,73760],[14,17440],[8,536875040],[5,8589934592]]]
[3,[67111424],528.949,[[37,268566560],[29,269484064],[21,73760],[14,17440],[8,536875040],[5,8589934592]]]
[2,[1073743888],228.734,[[37,268566560],[29,269484064],[21,73760],[14,17440],[8,536875040],[5,8589934592]]]
[1,[4294967296],0,[[37,268566560],[29,269484064],[21,73760],[14,17440],[8,536875040],[5,8589934592]]]
[37,[268566560],248.707,[[36,671105024],[28,1744830464],[20,2285895680],[13,134348801],[7,402653200],[4,17179869184]]]
[29,[269484064],760.647,[[36,671105024],[28,1744830464],[20,2285895680],[13,134348801],[7,402653200],[4,17179869184]]]
[21,[73760],547.996,[[36,671105024],[28,1744830464],[20,2285895680],[13,134348801],[7,402653200],[4,17179869184]]]
[14,[17440],54.9329,[[36,671105024],[28,1744830464],[20,2285895680],[13,134348801],[7,402653200],[4,17179869184]]]
[8,[536875040],396.263,[[36,671105024],[28,1744830464],[20,2285895680],[13,134348801],[7,402653200],[4,17179869184]]]
[5,[8589934592],0,[[36,671105024],[28,1744830464],[20,2285895680],[13,134348801],[7,402653200],[4,17179869184]]]
[36,[671105024],760.681,[[35,1075839040],[27,16908352],[19,82],[12,34359738368]]]
[28,[1744830464],251.16,[[35,1075839040],[27,16908352],[19,82],[12,34359738368]]]
[20,[2285895680],159.363,[[35,1075839040],[27,16908352],[19,82],[12,34359738368]]]
[13,[134348801],461.788,[[35,1075839040],[27,16908352],[19,82],[12,34359738368]]]
[7,[402653200],250.489,[[35,1075839040],[27,16908352],[19,82],[12,34359738368]]]
[4,[17179869184],0,[[35,1075839040],[27,16908352],[19,82],[12,34359738368]]]
[35,[1075839040],713.375,[[34,16818176],[26,139520],[18,2105345],[11,68719476736]]]
[27,[16908352],253.338,[[34,16818176],[26,139520],[18,2105345],[11,68719476736]]]
[19,[82],726.763,[[34,16818176],[26,139520],[18,2105345],[11,68719476736]]]
[12,[34359738368],0,[[34,16818176],[26,139520],[18,2105345],[11,68719476736]]]
[34,[16818176],829.233,[[33,802816],[25,277348352],[17,1091043328],[10,137438953472]]]
[26,[139520],690.542,[[33,802816],[25,277348352],[17,1091043328],[10,137438953472]]]
[18,[2105345],397.187,[[33,802816],[25,277348352],[17,1091043328],[10,137438953472]]]
[11,[68719476736],0,[[33,802816],[25,277348352],[17,1091043328],[10,137438953472]]]
[33,[802816],692.983,[[32,538968066],[24,603996160],[16,274877906944]]]
[25,[277348352],875.695,[[32,538968066],[24,603996160],[16,274877906944]]]
[17,[1091043328],127.242,[[32,538968066],[24,603996160],[16,274877906944]]]
[10,[137438953472],0,[[32,538968066],[24,603996160],[16,274877906944]]]
[32,[538968066],9.29858,[[31,2147484176],[23,549755813888]]]
[24,[603996160],669.938,[[31,2147484176],[23,549755813888]]]
[16,[274877906944],0,[[31,2147484176],[23,549755813888]]]
[31,[2147484176],191.941,[]]
[23,[549755813888],0,[]]