[[134348801],461.788,[[538968066],[82],[8589934592]]]
[[2105345],397.187,[[538968066],[82],[8589934592]]]
[[4294967296],0,[[538968066],[82],[8589934592]]]
[[538968066],9.29858,[[2060],[2564],[17179869184]]]
[[82],726.763,[[2060],[2564],[17179869184]]]
[[8589934592],0,[[2060],[2564],[17179869184]]]
[[2060],295.048,[[402653200],[1073743888],[2147484176],[34359738368]]]
[[2564],134.093,[[402653200],[1073743888],[2147484176],[34359738368]]]
[[17179869184],0,[[402653200],[1073743888],[2147484176],[34359738368]]]
[[402653200],250.489,[[268566560],[269484064],[73760],[17440],[536875040],[68719476736]]]
[[1073743888],228.734,[[268566560],[269484064],[73760],[17440],[536875040],[68719476736]]]
[[2147484176],191.941,[[268566560],[269484064],[73760],[17440],[536875040],[68719476736]]]
[[34359738368],0,[[268566560],[269484064],[73760],[17440],[536875040],[68719476736]]]
[[268566560],248.707,[[1075839040],[16908352],[137438953472]]]
[[269484064],760.647,[[1075839040],[16908352],[137438953472]]]
[[73760],547.996,[[1075839040],[16908352],[137438953472]]]
[[17440],54.9329,[[1075839040],[16908352],[137438953472]]]
[[536875040],396.263,[[1075839040],[16908352],[137438953472]]]
[[68719476736],0,[[1075839040],[16908352],[137438953472]]]
[[1075839040],713.375,[[139520],[133376],[274877906944]]]
[[16908352],253.338,[[139520],[133376],[274877906944]]]
[[137438953472],0,[[139520],[133376],[274877906944]]]
[[139520],690.542,[[67111424],[549755813888]]]
[[133376],244.094,[[67111424],[549755813888]]]
[[274877906944],0,[[67111424],[549755813888]]]
[[67111424],528.949,[[268445696],[33589248],[10487808],[1099511627776]]]
[[549755813888],0,[[268445696],[33589248],[10487808],[1099511627776]]]
[[268445696],646.128,[[16818176],[2199023255552]]]
[[33589248],914.772,[[16818176],[2199023255552]]]
[[10487808],836.306,[[16818176],[2199023255552]]]
[[1099511627776],0,[[16818176],[2199023255552]]]
[[16818176],829.233,[[671105024],[802816],[603996160],[4398046511104]]]
[[2199023255552],0,[[671105024],[802816],[603996160],[4398046511104]]]
[[671105024],760.681,[[277348352],[1091043328],[8796093022208]]]
[[802816],692.983,[[277348352],[1091043328],[8796093022208]]]
[[603996160],669.938,[[277348352],[1091043328],[8796093022208]]]
[[4398046511104],0,[[277348352],[1091043328],[8796093022208]]]
[[277348352],875.695,[[2285895680],[17592186044416]]]
[[1091043328],127.242,[[2285895680],[17592186044416]]]
[[8796093022208],0,[[2285895680],[17592186044416]]]
[[2285895680],159.363,[[1744830464],[35184372088832]]]
[[17592186044416],0,[[1744830464],[35184372088832]]]
[[1744830464],251.16,[]]
[[35184372088832],0,[]]