[0,[536903808],653.367,[[11,273],[12,2128],[13,1048594],[14,33554960],[15,1056784],[16,1075838992],[17,2147483668],[18,33554576],[19,25],[20,8589934592]]]
[1,[2392064],607.679,[[11,273],[12,2128],[13,1048594],[14,33554960],[15,1056784],[16,1075838992],[17,2147483668],[18,33554576],[19,25],[20,8589934592]]]
[2,[1073774624],122.466,[[11,273],[12,2128],[13,1048594],[14,33554960],[15,1056784],[16,1075838992],[17,2147483668],[18,33554576],[19,25],[20,8589934592]]]
[3,[25198592],859.45,[[11,273],[12,2128],[13,1048594],[14,33554960],[15,1056784],[16,1075838992],[17,2147483668],[18,33554576],[19,25],[20,8589934592]]]
[4,[134250752],97.2699,[[11,273],[12,2128],[13,1048594],[14,33554960],[15,1056784],[16,1075838992],[17,2147483668],[18,33554576],[19,25],[20,8589934592]]]
[5,[268468352],835.652,[[11,273],[12,2128],[13,1048594],[14,33554960],[15,1056784],[16,1075838992],[17,2147483668],[18,33554576],[19,25],[20,8589934592]]]
[6,[1081348],946.22,[[11,273],[12,2128],[13,1048594],[14,33554960],[15,1056784],[16,1075838992],[17,2147483668],[18,33554576],[19,25],[20,8589934592]]]
[7,[2149613568],638.875,[[11,273],[12,2128],[13,1048594],[14,33554960],[15,1056784],[16,1075838992],[17,2147483668],[18,33554576],[19,25],[20,8589934592]]]
[8,[1081345],10.7239,[[11,273],[12,2128],[13,1048594],[14,33554960],[15,1056784],[16,1075838992],[17,2147483668],[18,33554576],[19,25],[20,8589934592]]]
[9,[41472],38.832,[[11,273],[12,2128],[13,1048594],[14,33554960],[15,1056784],[16,1075838992],[17,2147483668],[18,33554576],[19,25],[20,8589934592]]]
[10,[4294967296],0,[[11,273],[12,2128],[13,1048594],[14,33554960],[15,1056784],[16,1075838992],[17,2147483668],[18,33554576],[19,25],[20,8589934592]]]
[11,[273],214.146,[[21,2147487776],[22,1052928],[23,67113216],[24,2684358656],[25,528448],[26,200704],[27,276828160],[28,1053696],[29,17179869184]]]
[12,[2128],641.829,[[21,2147487776],[22,1052928],[23,67113216],[24,2684358656],[25,528448],[26,200704],[27,276828160],[28,1053696],[29,17179869184]]]
[13,[1048594],98.0873,[[21,2147487776],[22,1052928],[23,67113216],[24,2684358656],[25,528448],[26,200704],[27,276828160],[28,1053696],[29,17179869184]]]
[14,[33554960],161.011,[[21,2147487776],[22,1052928],[23,67113216],[24,2684358656],[25,528448],[26,200704],[27,276828160],[28,1053696],[29,17179869184]]]
[15,[1056784],443.303,[[21,2147487776],[22,1052928],[23,67113216],[24,2684358656],[25,528448],[26,200704],[27,276828160],[28,1053696],[29,17179869184]]]
[16,[1075838992],827.798,[[21,2147487776],[22,1052928],[23,67113216],[24,2684358656],[25,528448],[26,200704],[27,276828160],[28,1053696],[29,17179869184]]]
[17,[2147483668],205.557,[[21,2147487776],[22,1052928],[23,67113216],[24,2684358656],[25,528448],[26,200704],[27,276828160],[28,1053696],[29,17179869184]]]
[18,[33554576],212.453,[[21,2147487776],[22,1052928],[23,67113216],[24,2684358656],[25,528448],[26,200704],[27,276828160],[28,1053696],[29,17179869184]]]
[19,[25],133.411,[[21,2147487776],[22,1052928],[23,67113216],[24,2684358656],[25,528448],[26,200704],[27,276828160],[28,1053696],[29,17179869184]]]
[20,[8589934592],0,[[21,2147487776],[22,1052928],[23,67113216],[24,2684358656],[25,528448],[26,200704],[27,276828160],[28,1053696],[29,17179869184]]]
[21,[2147487776],686.983,[[30,402653186],[31,3074],[32,262147],[33,515],[34,524546],[35,536879106],[36,34359738368]]]
[22,[1052928],392.115,[[30,402653186],[31,3074],[32,262147],[33,515],[34,524546],[35,536879106],[36,34359738368]]]
[23,[67113216],797.859,[[30,402653186],[31,3074],[32,262147],[33,515],[34,524546],[35,536879106],[36,34359738368]]]
[24,[2684358656],776.174,[[30,402653186],[31,3074],[32,262147],[33,515],[34,524546],[35,536879106],[36,34359738368]]]
[25,[528448],515.206,[[30,402653186],[31,3074],[32,262147],[33,515],[34,524546],[35,536879106],[36,34359738368]]]
[26,[200704],511.817,[[30,402653186],[31,3074],[32,262147],[33,515],[34,524546],[35,536879106],[36,34359738368]]]
[27,[276828160],591.488,[[30,402653186],[31,3074],[32,262147],[33,515],[34,524546],[35,536879106],[36,34359738368]]]
[28,[1053696],271.988,[[30,402653186],[31,3074],[32,262147],[33,515],[34,524546],[35,536879106],[36,34359738368]]]
[29,[17179869184],0,[[30,402653186],[31,3074],[32,262147],[33,515],[34,524546],[35,536879106],[36,34359738368]]]
[30,[402653186],951.709,[[37,2151694336],[38,541130752],[39,2185232384],[40,12591104],[41,21495808],[42,1077937152],[43,68719476736]]]
[31,[3074],520.308,[[37,2151694336],[38,541130752],[39,2185232384],[40,12591104],[41,21495808],[42,1077937152],[43,68719476736]]]
[32,[262147],170.652,[[37,2151694336],[38,541130752],[39,2185232384],[40,12591104],[41,21495808],[42,1077937152],[43,68719476736]]]
[33,[515],578.558,[[37,2151694336],[38,541130752],[39,2185232384],[40,12591104],[41,21495808],[42,1077937152],[43,68719476736]]]
[34,[524546],322.803,[[37,2151694336],[38,541130752],[39,2185232384],[40,12591104],[41,21495808],[42,1077937152],[43,68719476736]]]
[35,[536879106],315.841,[[37,2151694336],[38,541130752],[39,2185232384],[40,12591104],[41,21495808],[42,1077937152],[43,68719476736]]]
[36,[34359738368],0,[[37,2151694336],[38,541130752],[39,2185232384],[40,12591104],[41,21495808],[42,1077937152],[43,68719476736]]]
[37,[2151694336],912.317,[[44,2097728],[45,268451904],[46,33554497],[47,352],[48,8390720],[49,137438953472]]]
[38,[541130752],104.164,[[44,2097728],[45,268451904],[46,33554497],[47,352],[48,8390720],[49,137438953472]]]
[39,[2185232384],405.028,[[44,2097728],[45,268451904],[46,33554497],[47,352],[48,8390720],[49,137438953472]]]
[40,[12591104],224.792,[[44,2097728],[45,268451904],[46,33554497],[47,352],[48,8390720],[49,137438953472]]]
[41,[21495808],473.947,[[44,2097728],[45,268451904],[46,33554497],[47,352],[48,8390720],[49,137438953472]]]
[42,[1077937152],536.321,[[44,2097728],[45,268451904],[46,33554497],[47,352],[48,8390720],[49,137438953472]]]
[43,[68719476736],0,[[44,2097728],[45,268451904],[46,33554497],[47,352],[48,8390720],[49,137438953472]]]
[44,[2097728],423.591,[[50,302055424],[51,41951232],[52,117440512],[53,100925440],[54,274877906944]]]
[45,[268451904],462.022,[[50,302055424],[51,41951232],[52,117440512],[53,100925440],[54,274877906944]]]
[46,[33554497],341.641,[[50,302055424],[51,41951232],[52,117440512],[53,100925440],[54,274877906944]]]
[47,[352],183.847,[[50,302055424],[51,41951232],[52,117440512],[53,100925440],[54,274877906944]]]
[48,[8390720],1.48642,[[50,302055424],[51,41951232],[52,117440512],[53,100925440],[54,274877906944]]]
[49,[137438953472],0,[[50,302055424],[51,41951232],[52,117440512],[53,100925440],[54,274877906944]]]
[50,[302055424],783.092,[[55,2147485700],[56,2147500064],[57,2148532480],[58,2164391936],[59,549755813888]]]
[51,[41951232],778.873,[[55,2147485700],[56,2147500064],[57,2148532480],[58,2164391936],[59,549755813888]]]
[52,[117440512],76.0884,[[55,2147485700],[56,2147500064],[57,2148532480],[58,2164391936],[59,549755813888]]]
[53,[100925440],648.296,[[55,2147485700],[56,2147500064],[57,2148532480],[58,2164391936],[59,549755813888]]]
[54,[274877906944],0,[[55,2147485700],[56,2147500064],[57,2148532480],[58,2164391936],[59,549755813888]]]
[55,[2147485700],293.391,[[60,136315008],[61,67109248],[62,1073750144],[63,1099511627776]]]
[56,[2147500064],93.8938,[[60,136315008],[61,67109248],[62,1073750144],[63,1099511627776]]]
[57,[2148532480],198.084,[[60,136315008],[61,67109248],[62,1073750144],[63,1099511627776]]]
[58,[2164391936],302.733,[[60,136315008],[61,67109248],[62,1073750144],[63,1099511627776]]]
[59,[549755813888],0,[[60,136315008],[61,67109248],[62,1073750144],[63,1099511627776]]]
[60,[136315008],779.63,[[64,268698624],[65,9699328],[66,2199023255552]]]
[61,[67109248],723.47,[[64,268698624],[65,9699328],[66,2199023255552]]]
[62,[1073750144],403.394,[[64,268698624],[65,9699328],[66,2199023255552]]]
[63,[1099511627776],0,[[64,268698624],[65,9699328],[66,2199023255552]]]
[64,[268698624],970.501,[[67,136315392],[68,3145760],[69,4398046511104]]]
[65,[9699328],427.557,[[67,136315392],[68,3145760],[69,4398046511104]]]
[66,[2199023255552],0,[[67,136315392],[68,3145760],[69,4398046511104]]]
[67,[136315392],728.001,[[70,536872964],[71,8796093022208]]]
[68,[3145760],686.124,[[70,536872964],[71,8796093022208]]]
[69,[4398046511104],0,[[70,536872964],[71,8796093022208]]]
[70,[536872964],611.692,[]]
[71,[8796093022208],0,[]]