[72,[536903808],653.367,[[71,273],[59,2128],[47,1048594],[36,33554960],[27,1056784],[19,1075838992],[13,2147483668],[8,33554576],[5,25],[2,8589934592]]]
[60,[2392064],607.679,[[71,273],[59,2128],[47,1048594],[36,33554960],[27,1056784],[19,1075838992],[13,2147483668],[8,33554576],[5,25],[2,8589934592]]]
[48,[1073774624],122.466,[[71,273],[59,2128],[47,1048594],[36,33554960],[27,1056784],[19,1075838992],[13,2147483668],[8,33554576],[5,25],[2,8589934592]]]
[37,[25198592],859.45,[[71,273],[59,2128],[47,1048594],[36,33554960],[27,1056784],[19,1075838992],[13,2147483668],[8,33554576],[5,25],[2,8589934592]]]
[28,[134250752],97.2699,[[71,273],[59,2128],[47,1048594],[36,33554960],[27,1056784],[19,1075838992],[13,2147483668],[8,33554576],[5,25],[2,8589934592]]]
[20,[268468352],835.652,[[71,273],[59,2128],[47,1048594],[36,33554960],[27,1056784],[19,1075838992],[13,2147483668],[8,33554576],[5,25],[2,8589934592]]]
[14,[1081348],946.22,[[71,273],[59,2128],[47,1048594],[36,33554960],[27,1056784],[19,1075838992],[13,2147483668],[8,33554576],[5,25],[2,8589934592]]]
[9,[2149613568],638.875,[[71,273],[59,2128],[47,1048594],[36,33554960],[27,1056784],[19,1075838992],[13,2147483668],[8,33554576],[5,25],[2,8589934592]]]
[6,[1081345],10.7239,[[71,273],[59,2128],[47,1048594],[36,33554960],[27,1056784],[19,1075838992],[13,2147483668],[8,33554576],[5,25],[2,8589934592]]]
[3,[41472],38.832,[[71,273],[59,2128],[47,1048594],[36,33554960],[27,1056784],[19,1075838992],[13,2147483668],[8,33554576],[5,25],[2,8589934592]]]
[1,[4294967296],0,[[71,273],[59,2128],[47,1048594],[36,33554960],[27,1056784],[19,1075838992],[13,2147483668],[8,33554576],[5,25],[2,8589934592]]]
[71,[273],214.146,[[70,2147487776],[58,1052928],[46,67113216],[35,2684358656],[26,528448],[18,200704],[12,276828160],[7,1053696],[4,17179869184]]]
[59,[2128],641.829,[[70,2147487776],[58,1052928],[46,67113216],[35,2684358656],[26,528448],[18,200704],[12,276828160],[7,1053696],[4,17179869184]]]
[47,[1048594],98.0873,[[70,2147487776],[58,1052928],[46,67113216],[35,2684358656],[26,528448],[18,200704],[12,276828160],[7,1053696],[4,17179869184]]]
[36,[33554960],161.011,[[70,2147487776],[58,1052928],[46,67113216],[35,2684358656],[26,528448],[18,200704],[12,276828160],[7,1053696],[4,17179869184]]]
[27,[1056784],443.303,[[70,2147487776],[58,1052928],[46,67113216],[35,2684358656],[26,528448],[18,200704],[12,276828160],[7,1053696],[4,17179869184]]]
[19,[1075838992],827.798,[[70,2147487776],[58,1052928],[46,67113216],[35,2684358656],[26,528448],[18,200704],[12,276828160],[7,1053696],[4,17179869184]]]
[13,[2147483668],205.557,[[70,2147487776],[58,1052928],[46,67113216],[35,2684358656],[26,528448],[18,200704],[12,276828160],[7,1053696],[4,17179869184]]]
[8,[33554576],212.453,[[70,2147487776],[58,1052928],[46,67113216],[35,2684358656],[26,528448],[18,200704],[12,276828160],[7,1053696],[4,17179869184]]]
[5,[25],133.411,[[70,2147487776],[58,1052928],[46,67113216],[35,2684358656],[26,528448],[18,200704],[12,276828160],[7,1053696],[4,17179869184]]]
[2,[8589934592],0,[[70,2147487776],[58,1052928],[46,67113216],[35,2684358656],[26,528448],[18,200704],[12,276828160],[7,1053696],[4,17179869184]]]
[70,[2147487776],686.983,[[69,402653186],[57,3074],[45,262147],[34,515],[25,524546],[17,536879106],[11,34359738368]]]
[58,[1052928],392.115,[[69,402653186],[57,3074],[45,262147],[34,515],[25,524546],[17,536879106],[11,34359738368]]]
[46,[67113216],797.859,[[69,402653186],[57,3074],[45,262147],[34,515],[25,524546],[17,536879106],[11,34359738368]]]
[35,[2684358656],776.174,[[69,402653186],[57,3074],[45,262147],[34,515],[25,524546],[17,536879106],[11,34359738368]]]
[26,[528448],515.206,[[69,402653186],[57,3074],[45,262147],[34,515],[25,524546],[17,536879106],[11,34359738368]]]
[18,[200704],511.817,[[69,402653186],[57,3074],[45,262147],[34,515],[25,524546],[17,536879106],[11,34359738368]]]
[12,[276828160],591.488,[[69,402653186],[57,3074],[45,262147],[34,515],[25,524546],[17,536879106],[11,34359738368]]]
[7,[1053696],271.988,[[69,402653186],[57,3074],[45,262147],[34,515],[25,524546],[17,536879106],[11,34359738368]]]
[4,[17179869184],0,[[69,402653186],[57,3074],[45,262147],[34,515],[25,524546],[17,536879106],[11,34359738368]]]
[69,[402653186],951.709,[[68,2151694336],[56,541130752],[44,2185232384],[33,12591104],[24,21495808],[16,1077937152],[10,68719476736]]]
[57,[3074],520.308,[[68,2151694336],[56,541130752],[44,2185232384],[33,12591104],[24,21495808],[16,1077937152],[10,68719476736]]]
[45,[262147],170.652,[[68,2151694336],[56,541130752],[44,2185232384],[33,12591104],[24,21495808],[16,1077937152],[10,68719476736]]]
[34,[515],578.558,[[68,2151694336],[56,541130752],[44,2185232384],[33,12591104],[24,21495808],[16,1077937152],[10,68719476736]]]
[25,[524546],322.803,[[68,2151694336],[56,541130752],[44,2185232384],[33,12591104],[24,21495808],[16,1077937152],[10,68719476736]]]
[17,[536879106],315.841,[[68,2151694336],[56,541130752],[44,2185232384],[33,12591104],[24,21495808],[16,1077937152],[10,68719476736]]]
[11,[34359738368],0,[[68,2151694336],[56,541130752],[44,2185232384],[33,12591104],[24,21495808],[16,1077937152],[10,68719476736]]]
[68,[2151694336],912.317,[[67,2097728],[55,268451904],[43,33554497],[32,352],[23,8390720],[15,137438953472]]]
[56,[541130752],104.164,[[67,2097728],[55,268451904],[43,33554497],[32,352],[23,8390720],[15,137438953472]]]
[44,[2185232384],405.028,[[67,2097728],[55,268451904],[43,33554497],[32,352],[23,8390720],[15,137438953472]]]
[33,[12591104],224.792,[[67,2097728],[55,268451904],[43,33554497],[32,352],[23,8390720],[15,137438953472]]]
[24,[21495808],473.947,[[67,2097728],[55,268451904],[43,33554497],[32,352],[23,8390720],[15,137438953472]]]
[16,[1077937152],536.321,[[67,2097728],[55,268451904],[43,33554497],[32,352],[23,8390720],[15,137438953472]]]
[10,[68719476736],0,[[67,2097728],[55,268451904],[43,33554497],[32,352],[23,8390720],[15,137438953472]]]
[67,[2097728],423.591,[[66,302055424],[54,41951232],[42,117440512],[31,100925440],[22,274877906944]]]
[55,[268451904],462.022,[[66,302055424],[54,41951232],[42,117440512],[31,100925440],[22,274877906944]]]
[43,[33554497],341.641,[[66,302055424],[54,41951232],[42,117440512],[31,100925440],[22,274877906944]]]
[32,[352],183.847,[[66,302055424],[54,41951232],[42,117440512],[31,100925440],[22,274877906944]]]
[23,[8390720],1.48642,[[66,302055424],[54,41951232],[42,117440512],[31,100925440],[22,274877906944]]]
[15,[137438953472],0,[[66,302055424],[54,41951232],[42,117440512],[31,100925440],[22,274877906944]]]
[66,[302055424],783.092,[[65,2147485700],[53,2147500064],[41,2148532480],[30,2164391936],[21,549755813888]]]
[54,[41951232],778.873,[[65,2147485700],[53,2147500064],[41,2148532480],[30,2164391936],[21,549755813888]]]
[42,[117440512],76.0884,[[65,2147485700],[53,2147500064],[41,2148532480],[30,2164391936],[21,549755813888]]]
[31,[100925440],648.296,[[65,2147485700],[53,2147500064],[41,2148532480],[30,2164391936],[21,549755813888]]]
[22,[274877906944],0,[[65,2147485700],[53,2147500064],[41,2148532480],[30,2164391936],[21,549755813888]]]
[65,[2147485700],293.391,[[64,136315008],[52,67109248],[40,1073750144],[29,1099511627776]]]
[53,[2147500064],93.8938,[[64,136315008],[52,67109248],[40,1073750144],[29,1099511627776]]]
[41,[2148532480],198.084,[[64,136315008],[52,67109248],[40,1073750144],[29,1099511627776]]]
[30,[2164391936],302.733,[[64,136315008],[52,67109248],[40,1073750144],[29,1099511627776]]]
[21,[549755813888],0,[[64,136315008],[52,67109248],[40,1073750144],[29,1099511627776]]]
[64,[136315008],779.63,[[63,268698624],[51,9699328],[39,2199023255552]]]
[52,[67109248],723.47,[[63,268698624],[51,9699328],[39,2199023255552]]]
[40,[1073750144],403.394,[[63,268698624],[51,9699328],[39,2199023255552]]]
[29,[1099511627776],0,[[63,268698624],[51,9699328],[39,2199023255552]]]
[63,[268698624],970.501,[[62,136315392],[50,3145760],[38,4398046511104]]]
[51,[9699328],427.557,[[62,136315392],[50,3145760],[38,4398046511104]]]
[39,[2199023255552],0,[[62,136315392],[50,3145760],[38,4398046511104]]]
[62,[136315392],728.001,[[61,536872964],[49,8796093022208]]]
[50,[3145760],686.124,[[61,536872964],[49,8796093022208]]]
[38,[4398046511104],0,[[61,536872964],[49,8796093022208]]]
[61,[536872964],611.692,[]]
[49,[8796093022208],0,[]]