[[536903808],653.367,[[273],[2128],[1048594],[33554960],[1056784],[1075838992],[2147483668],[33554576],[25],[8589934592]]]
[[2392064],607.679,[[273],[2128],[1048594],[33554960],[1056784],[1075838992],[2147483668],[33554576],[25],[8589934592]]]
[[1073774624],122.466,[[273],[2128],[1048594],[33554960],[1056784],[1075838992],[2147483668],[33554576],[25],[8589934592]]]
[[25198592],859.45,[[273],[2128],[1048594],[33554960],[1056784],[1075838992],[2147483668],[33554576],[25],[8589934592]]]
[[134250752],97.2699,[[273],[2128],[1048594],[33554960],[1056784],[1075838992],[2147483668],[33554576],[25],[8589934592]]]
[[268468352],835.652,[[273],[2128],[1048594],[33554960],[1056784],[1075838992],[2147483668],[33554576],[25],[8589934592]]]
[[1081348],946.22,[[273],[2128],[1048594],[33554960],[1056784],[1075838992],[2147483668],[33554576],[25],[8589934592]]]
[[2149613568],638.875,[[273],[2128],[1048594],[33554960],[1056784],[1075838992],[2147483668],[33554576],[25],[8589934592]]]
[[1081345],10.7239,[[273],[2128],[1048594],[33554960],[1056784],[1075838992],[2147483668],[33554576],[25],[8589934592]]]
[[41472],38.832,[[273],[2128],[1048594],[33554960],[1056784],[1075838992],[2147483668],[33554576],[25],[8589934592]]]
[[4294967296],0,[[273],[2128],[1048594],[33554960],[1056784],[1075838992],[2147483668],[33554576],[25],[8589934592]]]
[[273],214.146,[[2147487776],[1052928],[67113216],[2684358656],[528448],[200704],[276828160],[1053696],[17179869184]]]
[[2128],641.829,[[2147487776],[1052928],[67113216],[2684358656],[528448],[200704],[276828160],[1053696],[17179869184]]]
[[1048594],98.0873,[[2147487776],[1052928],[67113216],[2684358656],[528448],[200704],[276828160],[1053696],[17179869184]]]
[[33554960],161.011,[[2147487776],[1052928],[67113216],[2684358656],[528448],[200704],[276828160],[1053696],[17179869184]]]
[[1056784],443.303,[[2147487776],[1052928],[67113216],[2684358656],[528448],[200704],[276828160],[1053696],[17179869184]]]
[[1075838992],827.798,[[2147487776],[1052928],[67113216],[2684358656],[528448],[200704],[276828160],[1053696],[17179869184]]]
[[2147483668],205.557,[[2147487776],[1052928],[67113216],[2684358656],[528448],[200704],[276828160],[1053696],[17179869184]]]
[[33554576],212.453,[[2147487776],[1052928],[67113216],[2684358656],[528448],[200704],[276828160],[1053696],[17179869184]]]
[[25],133.411,[[2147487776],[1052928],[67113216],[2684358656],[528448],[200704],[276828160],[1053696],[17179869184]]]
[[8589934592],0,[[2147487776],[1052928],[67113216],[2684358656],[528448],[200704],[276828160],[1053696],[17179869184]]]
[[2147487776],686.983,[[402653186],[3074],[262147],[515],[524546],[536879106],[34359738368]]]
[[1052928],392.115,[[402653186],[3074],[262147],[515],[524546],[536879106],[34359738368]]]
[[67113216],797.859,[[402653186],[3074],[262147],[515],[524546],[536879106],[34359738368]]]
[[2684358656],776.174,[[402653186],[3074],[262147],[515],[524546],[536879106],[34359738368]]]
[[528448],515.206,[[402653186],[3074],[262147],[515],[524546],[536879106],[34359738368]]]
[[200704],511.817,[[402653186],[3074],[262147],[515],[524546],[536879106],[34359738368]]]
[[276828160],591.488,[[402653186],[3074],[262147],[515],[524546],[536879106],[34359738368]]]
[[1053696],271.988,[[402653186],[3074],[262147],[515],[524546],[536879106],[34359738368]]]
[[17179869184],0,[[402653186],[3074],[262147],[515],[524546],[536879106],[34359738368]]]
[[402653186],951.709,[[2151694336],[541130752],[2185232384],[12591104],[21495808],[1077937152],[68719476736]]]
[[3074],520.308,[[2151694336],[541130752],[2185232384],[12591104],[21495808],[1077937152],[68719476736]]]
[[262147],170.652,[[2151694336],[541130752],[2185232384],[12591104],[21495808],[1077937152],[68719476736]]]
[[515],578.558,[[2151694336],[541130752],[2185232384],[12591104],[21495808],[1077937152],[68719476736]]]
[[524546],322.803,[[2151694336],[541130752],[2185232384],[12591104],[21495808],[1077937152],[68719476736]]]
[[536879106],315.841,[[2151694336],[541130752],[2185232384],[12591104],[21495808],[1077937152],[68719476736]]]
[[34359738368],0,[[2151694336],[541130752],[2185232384],[12591104],[21495808],[1077937152],[68719476736]]]
[[2151694336],912.317,[[2097728],[268451904],[33554497],[352],[8390720],[137438953472]]]
[[541130752],104.164,[[2097728],[268451904],[33554497],[352],[8390720],[137438953472]]]
[[2185232384],405.028,[[2097728],[268451904],[33554497],[352],[8390720],[137438953472]]]
[[12591104],224.792,[[2097728],[268451904],[33554497],[352],[8390720],[137438953472]]]
[[21495808],473.947,[[2097728],[268451904],[33554497],[352],[8390720],[137438953472]]]
[[1077937152],536.321,[[2097728],[268451904],[33554497],[352],[8390720],[137438953472]]]
[[68719476736],0,[[2097728],[268451904],[33554497],[352],[8390720],[137438953472]]]
[[2097728],423.591,[[302055424],[41951232],[117440512],[100925440],[274877906944]]]
[[268451904],462.022,[[302055424],[41951232],[117440512],[100925440],[274877906944]]]
[[33554497],341.641,[[302055424],[41951232],[117440512],[100925440],[274877906944]]]
[[352],183.847,[[302055424],[41951232],[117440512],[100925440],[274877906944]]]
[[8390720],1.48642,[[302055424],[41951232],[117440512],[100925440],[274877906944]]]
[[137438953472],0,[[302055424],[41951232],[117440512],[100925440],[274877906944]]]
[[302055424],783.092,[[2147485700],[2147500064],[2148532480],[2164391936],[549755813888]]]
[[41951232],778.873,[[2147485700],[2147500064],[2148532480],[2164391936],[549755813888]]]
[[117440512],76.0884,[[2147485700],[2147500064],[2148532480],[2164391936],[549755813888]]]
[[100925440],648.296,[[2147485700],[2147500064],[2148532480],[2164391936],[549755813888]]]
[[274877906944],0,[[2147485700],[2147500064],[2148532480],[2164391936],[549755813888]]]
[[2147485700],293.391,[[136315008],[67109248],[1073750144],[1099511627776]]]
[[2147500064],93.8938,[[136315008],[67109248],[1073750144],[1099511627776]]]
[[2148532480],198.084,[[136315008],[67109248],[1073750144],[1099511627776]]]
[[2164391936],302.733,[[136315008],[67109248],[1073750144],[1099511627776]]]
[[549755813888],0,[[136315008],[67109248],[1073750144],[1099511627776]]]
[[136315008],779.63,[[268698624],[9699328],[2199023255552]]]
[[67109248],723.47,[[268698624],[9699328],[2199023255552]]]
[[1073750144],403.394,[[268698624],[9699328],[2199023255552]]]
[[1099511627776],0,[[268698624],[9699328],[2199023255552]]]
[[268698624],970.501,[[136315392],[3145760],[4398046511104]]]
[[9699328],427.557,[[136315392],[3145760],[4398046511104]]]
[[2199023255552],0,[[136315392],[3145760],[4398046511104]]]
[[136315392],728.001,[[536872964],[8796093022208]]]
[[3145760],686.124,[[536872964],[8796093022208]]]
[[4398046511104],0,[[536872964],[8796093022208]]]
[[536872964],611.692,[]]
[[8796093022208],0,[]]