[0,[41943042],779.616,[[12,135176],[13,537526272],[14,402784256],[15,131081],[16,33685568],[17,134381568],[18,163841],[19,33686528],[20,2147614752],[21,8589934592]]]
[1,[41947136],736.293,[[12,135176],[13,537526272],[14,402784256],[15,131081],[16,33685568],[17,134381568],[18,163841],[19,33686528],[20,2147614752],[21,8589934592]]]
[2,[75497473],595.523,[[12,135176],[13,537526272],[14,402784256],[15,131081],[16,33685568],[17,134381568],[18,163841],[19,33686528],[20,2147614752],[21,8589934592]]]
[3,[25169920],262.219,[[12,135176],[13,537526272],[14,402784256],[15,131081],[16,33685568],[17,134381568],[18,163841],[19,33686528],[20,2147614752],[21,8589934592]]]
[4,[8389121],765.841,[[12,135176],[13,537526272],[14,402784256],[15,131081],[16,33685568],[17,134381568],[18,163841],[19,33686528],[20,2147614752],[21,8589934592]]]
[5,[8388620],543.752,[[12,135176],[13,537526272],[14,402784256],[15,131081],[16,33685568],[17,134381568],[18,163841],[19,33686528],[20,2147614752],[21,8589934592]]]
[6,[8429568],238.305,[[12,135176],[13,537526272],[14,402784256],[15,131081],[16,33685568],[17,134381568],[18,163841],[19,33686528],[20,2147614752],[21,8589934592]]]
[7,[612368384],894.209,[[12,135176],[13,537526272],[14,402784256],[15,131081],[16,33685568],[17,134381568],[18,163841],[19,33686528],[20,2147614752],[21,8589934592]]]
[8,[278921216],515.196,[[12,135176],[13,537526272],[14,402784256],[15,131081],[16,33685568],[17,134381568],[18,163841],[19,33686528],[20,2147614752],[21,8589934592]]]
[9,[545259776],697.86,[[12,135176],[13,537526272],[14,402784256],[15,131081],[16,33685568],[17,134381568],[18,163841],[19,33686528],[20,2147614752],[21,8589934592]]]
[10,[12713984],266.637,[[12,135176],[13,537526272],[14,402784256],[15,131081],[16,33685568],[17,134381568],[18,163841],[19,33686528],[20,2147614752],[21,8589934592]]]
[11,[4294967296],0,[[12,135176],[13,537526272],[14,402784256],[15,131081],[16,33685568],[17,134381568],[18,163841],[19,33686528],[20,2147614752],[21,8589934592]]]
[12,[135176],511.937,[[22,151027712],[23,21495808],[24,16777221],[25,17301632],[26,50331650],[27,553656320],[28,16811008],[29,19398656],[30,587202560],[31,17179869184]]]
[13,[537526272],925.295,[[22,151027712],[23,21495808],[24,16777221],[25,17301632],[26,50331650],[27,553656320],[28,16811008],[29,19398656],[30,587202560],[31,17179869184]]]
[14,[402784256],53.027,[[22,151027712],[23,21495808],[24,16777221],[25,17301632],[26,50331650],[27,553656320],[28,16811008],[29,19398656],[30,587202560],[31,17179869184]]]
[15,[131081],308.292,[[22,151027712],[23,21495808],[24,16777221],[25,17301632],[26,50331650],[27,553656320],[28,16811008],[29,19398656],[30,587202560],[31,17179869184]]]
[16,[33685568],720.288,[[22,151027712],[23,21495808],[24,16777221],[25,17301632],[26,50331650],[27,553656320],[28,16811008],[29,19398656],[30,587202560],[31,17179869184]]]
[17,[134381568],763.036,[[22,151027712],[23,21495808],[24,16777221],[25,17301632],[26,50331650],[27,553656320],[28,16811008],[29,19398656],[30,587202560],[31,17179869184]]]
[18,[163841],478.241,[[22,151027712],[23,21495808],[24,16777221],[25,17301632],[26,50331650],[27,553656320],[28,16811008],[29,19398656],[30,587202560],[31,17179869184]]]
[19,[33686528],706.951,[[22,151027712],[23,21495808],[24,16777221],[25,17301632],[26,50331650],[27,553656320],[28,16811008],[29,19398656],[30,587202560],[31,17179869184]]]
[20,[2147614752],825.528,[[22,151027712],[23,21495808],[24,16777221],[25,17301632],[26,50331650],[27,553656320],[28,16811008],[29,19398656],[30,587202560],[31,17179869184]]]
[21,[8589934592],0,[[22,151027712],[23,21495808],[24,16777221],[25,17301632],[26,50331650],[27,553656320],[28,16811008],[29,19398656],[30,587202560],[31,17179869184]]]
[22,[151027712],313.23,[[32,268435976],[33,1342210048],[34,301989920],[35,271581184],[36,269484160],[37,805306372],[38,34359738368]]]
[23,[21495808],270.386,[[32,268435976],[33,1342210048],[34,301989920],[35,271581184],[36,269484160],[37,805306372],[38,34359738368]]]
[24,[16777221],54.2024,[[32,268435976],[33,1342210048],[34,301989920],[35,271581184],[36,269484160],[37,805306372],[38,34359738368]]]
[25,[17301632],373.267,[[32,268435976],[33,1342210048],[34,301989920],[35,271581184],[36,269484160],[37,805306372],[38,34359738368]]]
[26,[50331650],925.675,[[32,268435976],[33,1342210048],[34,301989920],[35,271581184],[36,269484160],[37,805306372],[38,34359738368]]]
[27,[553656320],580.868,[[32,268435976],[33,1342210048],[34,301989920],[35,271581184],[36,269484160],[37,805306372],[38,34359738368]]]
[28,[16811008],148.951,[[32,268435976],[33,1342210048],[34,301989920],[35,271581184],[36,269484160],[37,805306372],[38,34359738368]]]
[29,[19398656],941.016,[[32,268435976],[33,1342210048],[34,301989920],[35,271581184],[36,269484160],[37,805306372],[38,34359738368]]]
[30,[587202560],460.296,[[32,268435976],[33,1342210048],[34,301989920],[35,271581184],[36,269484160],[37,805306372],[38,34359738368]]]
[31,[17179869184],0,[[32,268435976],[33,1342210048],[34,301989920],[35,271581184],[36,269484160],[37,805306372],[38,34359738368]]]
[32,[268435976],23.7736,[[39,24640],[40,134217793],[41,67174464],[42,4195392],[43,138412096],[44,68719476736]]]
[33,[1342210048],798.72,[[39,24640],[40,134217793],[41,67174464],[42,4195392],[43,138412096],[44,68719476736]]]
[34,[301989920],333.738,[[39,24640],[40,134217793],[41,67174464],[42,4195392],[43,138412096],[44,68719476736]]]
[35,[271581184],484.858,[[39,24640],[40,134217793],[41,67174464],[42,4195392],[43,138412096],[44,68719476736]]]
[36,[269484160],804.652,[[39,24640],[40,134217793],[41,67174464],[42,4195392],[43,138412096],[44,68719476736]]]
[37,[805306372],420.213,[[39,24640],[40,134217793],[41,67174464],[42,4195392],[43,138412096],[44,68719476736]]]
[38,[34359738368],0,[[39,24640],[40,134217793],[41,67174464],[42,4195392],[43,138412096],[44,68719476736]]]
[39,[24640],608.567,[[45,16417],[46,786464],[47,44],[48,525344],[49,137438953472]]]
[40,[134217793],249.595,[[45,16417],[46,786464],[47,44],[48,525344],[49,137438953472]]]
[41,[67174464],149.202,[[45,16417],[46,786464],[47,44],[48,525344],[49,137438953472]]]
[42,[4195392],238.965,[[45,16417],[46,786464],[47,44],[48,525344],[49,137438953472]]]
[43,[138412096],253.412,[[45,16417],[46,786464],[47,44],[48,525344],[49,137438953472]]]
[44,[68719476736],0,[[45,16417],[46,786464],[47,44],[48,525344],[49,137438953472]]]
[45,[16417],318.853,[[50,67371520],[51,41472],[52,16897],[53,266752],[54,274877906944]]]
[46,[786464],508.94,[[50,67371520],[51,41472],[52,16897],[53,266752],[54,274877906944]]]
[47,[44],565.572,[[50,67371520],[51,41472],[52,16897],[53,266752],[54,274877906944]]]
[48,[525344],79.4164,[[50,67371520],[51,41472],[52,16897],[53,266752],[54,274877906944]]]
[49,[137438953472],0,[[50,67371520],[51,41472],[52,16897],[53,266752],[54,274877906944]]]
[50,[67371520],199.136,[[55,67633280],[56,538968192],[57,1048712],[58,549755813888]]]
[51,[41472],670.808,[[55,67633280],[56,538968192],[57,1048712],[58,549755813888]]]
[52,[16897],117.034,[[55,67633280],[56,538968192],[57,1048712],[58,549755813888]]]
[53,[266752],610.776,[[55,67633280],[56,538968192],[57,1048712],[58,549755813888]]]
[54,[274877906944],0,[[55,67633280],[56,538968192],[57,1048712],[58,549755813888]]]
[55,[67633280],558.444,[[59,67125250],[60,33555458],[61,1099511627776]]]
[56,[538968192],681.612,[[59,67125250],[60,33555458],[61,1099511627776]]]
[57,[1048712],759.161,[[59,67125250],[60,33555458],[61,1099511627776]]]
[58,[549755813888],0,[[59,67125250],[60,33555458],[61,1099511627776]]]
[59,[67125250],147.998,[[62,33587204],[63,1075838980],[64,2199023255552]]]
[60,[33555458],174.583,[[62,33587204],[63,1075838980],[64,2199023255552]]]
[61,[1099511627776],0,[[62,33587204],[63,1075838980],[64,2199023255552]]]
[62,[33587204],602.748,[[65,36880],[66,1073746176],[67,4398046511104]]]
[63,[1075838980],212.674,[[65,36880],[66,1073746176],[67,4398046511104]]]
[64,[2199023255552],0,[[65,36880],[66,1073746176],[67,4398046511104]]]
[65,[36880],394.108,[[68,134283265],[69,8796093022208]]]
[66,[1073746176],491.992,[[68,134283265],[69,8796093022208]]]
[67,[4398046511104],0,[[68,134283265],[69,8796093022208]]]
[68,[134283265],292.067,[[70,2621448],[71,17592186044416]]]
[69,[8796093022208],0,[[70,2621448],[71,17592186044416]]]
[70,[2621448],337.56,[[72,1318912],[73,35184372088832]]]
[71,[17592186044416],0,[[72,1318912],[73,35184372088832]]]
[72,[1318912],48.6881,[]]
[73,[35184372088832],0,[]]