[0,[270352],712.959,[[10,1073881088],[11,1073742208],[12,1073758212],[13,1073776640],[14,1208090624],[15,1342177282],[16,1073745952],[17,1611661312],[18,1074282496],[19,8589934592]]]
[1,[16777488],109.839,[[10,1073881088],[11,1073742208],[12,1073758212],[13,1073776640],[14,1208090624],[15,1342177282],[16,1073745952],[17,1611661312],[18,1074282496],[19,8589934592]]]
[2,[134219792],574.673,[[10,1073881088],[11,1073742208],[12,1073758212],[13,1073776640],[14,1208090624],[15,1342177282],[16,1073745952],[17,1611661312],[18,1074282496],[19,8589934592]]]
[3,[4120],269.178,[[10,1073881088],[11,1073742208],[12,1073758212],[13,1073776640],[14,1208090624],[15,1342177282],[16,1073745952],[17,1611661312],[18,1074282496],[19,8589934592]]]
[4,[264208],240.838,[[10,1073881088],[11,1073742208],[12,1073758212],[13,1073776640],[14,1208090624],[15,1342177282],[16,1073745952],[17,1611661312],[18,1074282496],[19,8589934592]]]
[5,[134217748],410.219,[[10,1073881088],[11,1073742208],[12,1073758212],[13,1073776640],[14,1208090624],[15,1342177282],[16,1073745952],[17,1611661312],[18,1074282496],[19,8589934592]]]
[6,[1179664],372.532,[[10,1073881088],[11,1073742208],[12,1073758212],[13,1073776640],[14,1208090624],[15,1342177282],[16,1073745952],[17,1611661312],[18,1074282496],[19,8589934592]]]
[7,[280],280.747,[[10,1073881088],[11,1073742208],[12,1073758212],[13,1073776640],[14,1208090624],[15,1342177282],[16,1073745952],[17,1611661312],[18,1074282496],[19,8589934592]]]
[8,[33570832],171.87,[[10,1073881088],[11,1073742208],[12,1073758212],[13,1073776640],[14,1208090624],[15,1342177282],[16,1073745952],[17,1611661312],[18,1074282496],[19,8589934592]]]
[9,[4294967296],0,[[10,1073881088],[11,1073742208],[12,1073758212],[13,1073776640],[14,1208090624],[15,1342177282],[16,1073745952],[17,1611661312],[18,1074282496],[19,8589934592]]]
[10,[1073881088],30.0606,[[20,1064992],[21,1058816],[22,1048833],[23,336592896],[24,9568256],[25,1048768],[26,1050628],[27,17179869184]]]
[11,[1073742208],276.465,[[20,1064992],[21,1058816],[22,1048833],[23,336592896],[24,9568256],[25,1048768],[26,1050628],[27,17179869184]]]
[12,[1073758212],519.69,[[20,1064992],[21,1058816],[22,1048833],[23,336592896],[24,9568256],[25,1048768],[26,1050628],[27,17179869184]]]
[13,[1073776640],223.776,[[20,1064992],[21,1058816],[22,1048833],[23,336592896],[24,9568256],[25,1048768],[26,1050628],[27,17179869184]]]
[14,[1208090624],532.99,[[20,1064992],[21,1058816],[22,1048833],[23,336592896],[24,9568256],[25,1048768],[26,1050628],[27,17179869184]]]
[15,[1342177282],822.895,[[20,1064992],[21,1058816],[22,1048833],[23,336592896],[24,9568256],[25,1048768],[26,1050628],[27,17179869184]]]
[16,[1073745952],230.72,[[20,1064992],[21,1058816],[22,1048833],[23,336592896],[24,9568256],[25,1048768],[26,1050628],[27,17179869184]]]
[17,[1611661312],593.742,[[20,1064992],[21,1058816],[22,1048833],[23,336592896],[24,9568256],[25,1048768],[26,1050628],[27,17179869184]]]
[18,[1074282496],494.624,[[20,1064992],[21,1058816],[22,1048833],[23,336592896],[24,9568256],[25,1048768],[26,1050628],[27,17179869184]]]
[19,[8589934592],0,[[20,1064992],[21,1058816],[22,1048833],[23,336592896],[24,9568256],[25,1048768],[26,1050628],[27,17179869184]]]
[20,[1064992],601.36,[[28,2101760],[29,6553600],[30,6299648],[31,18878464],[32,18874496],[33,136380416],[34,2149580832],[35,34359738368]]]
[21,[1058816],228.885,[[28,2101760],[29,6553600],[30,6299648],[31,18878464],[32,18874496],[33,136380416],[34,2149580832],[35,34359738368]]]
[22,[1048833],109.683,[[28,2101760],[29,6553600],[30,6299648],[31,18878464],[32,18874496],[33,136380416],[34,2149580832],[35,34359738368]]]
[23,[336592896],666.677,[[28,2101760],[29,6553600],[30,6299648],[31,18878464],[32,18874496],[33,136380416],[34,2149580832],[35,34359738368]]]
[24,[9568256],121.378,[[28,2101760],[29,6553600],[30,6299648],[31,18878464],[32,18874496],[33,136380416],[34,2149580832],[35,34359738368]]]
[25,[1048768],287.417,[[28,2101760],[29,6553600],[30,6299648],[31,18878464],[32,18874496],[33,136380416],[34,2149580832],[35,34359738368]]]
[26,[1050628],112.782,[[28,2101760],[29,6553600],[30,6299648],[31,18878464],[32,18874496],[33,136380416],[34,2149580832],[35,34359738368]]]
[27,[17179869184],0,[[28,2101760],[29,6553600],[30,6299648],[31,18878464],[32,18874496],[33,136380416],[34,2149580832],[35,34359738368]]]
[28,[2101760],772.061,[[36,2147500544],[37,570425856],[38,268468736],[39,268435969],[40,41943552],[41,68719476736]]]
[29,[6553600],805.298,[[36,2147500544],[37,570425856],[38,268468736],[39,268435969],[40,41943552],[41,68719476736]]]
[30,[6299648],0.290561,[[36,2147500544],[37,570425856],[38,268468736],[39,268435969],[40,41943552],[41,68719476736]]]
[31,[18878464],738.004,[[36,2147500544],[37,570425856],[38,268468736],[39,268435969],[40,41943552],[41,68719476736]]]
[32,[18874496],595.969,[[36,2147500544],[37,570425856],[38,268468736],[39,268435969],[40,41943552],[41,68719476736]]]
[33,[136380416],460.901,[[36,2147500544],[37,570425856],[38,268468736],[39,268435969],[40,41943552],[41,68719476736]]]
[34,[2149580832],312.04,[[36,2147500544],[37,570425856],[38,268468736],[39,268435969],[40,41943552],[41,68719476736]]]
[35,[34359738368],0,[[36,2147500544],[37,570425856],[38,268468736],[39,268435969],[40,41943552],[41,68719476736]]]
[36,[2147500544],569.587,[[42,2147778560],[43,67502080],[44,17039368],[45,270338],[46,265216],[47,137438953472]]]
[37,[570425856],311.746,[[42,2147778560],[43,67502080],[44,17039368],[45,270338],[46,265216],[47,137438953472]]]
[38,[268468736],626.895,[[42,2147778560],[43,67502080],[44,17039368],[45,270338],[46,265216],[47,137438953472]]]
[39,[268435969],415.448,[[42,2147778560],[43,67502080],[44,17039368],[45,270338],[46,265216],[47,137438953472]]]
[40,[41943552],818.287,[[42,2147778560],[43,67502080],[44,17039368],[45,270338],[46,265216],[47,137438953472]]]
[41,[68719476736],0,[[42,2147778560],[43,67502080],[44,17039368],[45,270338],[46,265216],[47,137438953472]]]
[42,[2147778560],438.008,[[48,37120],[49,4195584],[50,67109124],[51,41216],[52,274877906944]]]
[43,[67502080],976.166,[[48,37120],[49,4195584],[50,67109124],[51,41216],[52,274877906944]]]
[44,[17039368],784,[[48,37120],[49,4195584],[50,67109124],[51,41216],[52,274877906944]]]
[45,[270338],750.701,[[48,37120],[49,4195584],[50,67109124],[51,41216],[52,274877906944]]]
[46,[265216],742.46,[[48,37120],[49,4195584],[50,67109124],[51,41216],[52,274877906944]]]
[47,[137438953472],0,[[48,37120],[49,4195584],[50,67109124],[51,41216],[52,274877906944]]]
[48,[37120],625.672,[[53,8392832],[54,13107200],[55,8392712],[56,8519744],[57,549755813888]]]
[49,[4195584],294.602,[[53,8392832],[54,13107200],[55,8392712],[56,8519744],[57,549755813888]]]
[50,[67109124],263.428,[[53,8392832],[54,13107200],[55,8392712],[56,8519744],[57,549755813888]]]
[51,[41216],697.355,[[53,8392832],[54,13107200],[55,8392712],[56,8519744],[57,549755813888]]]
[52,[274877906944],0,[[53,8392832],[54,13107200],[55,8392712],[56,8519744],[57,549755813888]]]
[53,[8392832],204.11,[[58,67190784],[59,536887300],[60,4210720],[61,1099511627776]]]
[54,[13107200],380.364,[[58,67190784],[59,536887300],[60,4210720],[61,1099511627776]]]
[55,[8392712],461.901,[[58,67190784],[59,536887300],[60,4210720],[61,1099511627776]]]
[56,[8519744],567.743,[[58,67190784],[59,536887300],[60,4210720],[61,1099511627776]]]
[57,[549755813888],0,[[58,67190784],[59,536887300],[60,4210720],[61,1099511627776]]]
[58,[67190784],637.203,[[62,8260],[63,33556544],[64,2199023255552]]]
[59,[536887300],329.529,[[62,8260],[63,33556544],[64,2199023255552]]]
[60,[4210720],996.235,[[62,8260],[63,33556544],[64,2199023255552]]]
[61,[1099511627776],0,[[62,8260],[63,33556544],[64,2199023255552]]]
[62,[8260],623.274,[[65,301990016],[66,536871048],[67,4398046511104]]]
[63,[33556544],874.467,[[65,301990016],[66,536871048],[67,4398046511104]]]
[64,[2199023255552],0,[[65,301990016],[66,536871048],[67,4398046511104]]]
[65,[301990016],549.936,[[68,16780288],[69,16875520],[70,8796093022208]]]
[66,[536871048],911.584,[[68,16780288],[69,16875520],[70,8796093022208]]]
[67,[4398046511104],0,[[68,16780288],[69,16875520],[70,8796093022208]]]
[68,[16780288],721.316,[[71,2415919106],[72,17592186044416]]]
[69,[16875520],635.453,[[71,2415919106],[72,17592186044416]]]
[70,[8796093022208],0,[[71,2415919106],[72,17592186044416]]]
[71,[2415919106],894.544,[]]
[72,[17592186044416],0,[]]