[0,[2147745800],387.856,[[12,34603016],[13,33554562],[14,34078752],[15,100671488],[16,38273024],[17,2181038336],[18,33554816],[19,33554466],[20,8589934592]]]
[1,[265216],409.298,[[12,34603016],[13,33554562],[14,34078752],[15,100671488],[16,38273024],[17,2181038336],[18,33554816],[19,33554466],[20,8589934592]]]
[2,[395264],649.532,[[12,34603016],[13,33554562],[14,34078752],[15,100671488],[16,38273024],[17,2181038336],[18,33554816],[19,33554466],[20,8589934592]]]
[3,[136577024],364.343,[[12,34603016],[13,33554562],[14,34078752],[15,100671488],[16,38273024],[17,2181038336],[18,33554816],[19,33554466],[20,8589934592]]]
[4,[268697601],484.799,[[12,34603016],[13,33554562],[14,34078752],[15,100671488],[16,38273024],[17,2181038336],[18,33554816],[19,33554466],[20,8589934592]]]
[5,[33818624],311.068,[[12,34603016],[13,33554562],[14,34078752],[15,100671488],[16,38273024],[17,2181038336],[18,33554816],[19,33554466],[20,8589934592]]]
[6,[299008],322.167,[[12,34603016],[13,33554562],[14,34078752],[15,100671488],[16,38273024],[17,2181038336],[18,33554816],[19,33554466],[20,8589934592]]]
[7,[34865152],873.476,[[12,34603016],[13,33554562],[14,34078752],[15,100671488],[16,38273024],[17,2181038336],[18,33554816],[19,33554466],[20,8589934592]]]
[8,[794624],280.869,[[12,34603016],[13,33554562],[14,34078752],[15,100671488],[16,38273024],[17,2181038336],[18,33554816],[19,33554466],[20,8589934592]]]
[9,[134479874],185.111,[[12,34603016],[13,33554562],[14,34078752],[15,100671488],[16,38273024],[17,2181038336],[18,33554816],[19,33554466],[20,8589934592]]]
[10,[851968],737.492,[[12,34603016],[13,33554562],[14,34078752],[15,100671488],[16,38273024],[17,2181038336],[18,33554816],[19,33554466],[20,8589934592]]]
[11,[4294967296],0,[[12,34603016],[13,33554562],[14,34078752],[15,100671488],[16,38273024],[17,2181038336],[18,33554816],[19,33554466],[20,8589934592]]]
[12,[34603016],403.038,[[21,2105856],[22,20992],[23,3146240],[24,16810496],[25,590336],[26,521],[27,2130432],[28,17179869184]]]
[13,[33554562],877.641,[[21,2105856],[22,20992],[23,3146240],[24,16810496],[25,590336],[26,521],[27,2130432],[28,17179869184]]]
[14,[34078752],189.983,[[21,2105856],[22,20992],[23,3146240],[24,16810496],[25,590336],[26,521],[27,2130432],[28,17179869184]]]
[15,[100671488],703.413,[[21,2105856],[22,20992],[23,3146240],[24,16810496],[25,590336],[26,521],[27,2130432],[28,17179869184]]]
[16,[38273024],170.398,[[21,2105856],[22,20992],[23,3146240],[24,16810496],[25,590336],[26,521],[27,2130432],[28,17179869184]]]
[17,[2181038336],353.088,[[21,2105856],[22,20992],[23,3146240],[24,16810496],[25,590336],[26,521],[27,2130432],[28,17179869184]]]
[18,[33554816],911.377,[[21,2105856],[22,20992],[23,3146240],[24,16810496],[25,590336],[26,521],[27,2130432],[28,17179869184]]]
[19,[33554466],193.378,[[21,2105856],[22,20992],[23,3146240],[24,16810496],[25,590336],[26,521],[27,2130432],[28,17179869184]]]
[20,[8589934592],0,[[21,2105856],[22,20992],[23,3146240],[24,16810496],[25,590336],[26,521],[27,2130432],[28,17179869184]]]
[21,[2105856],519.966,[[29,608174080],[30,5275648],[31,2218786816],[32,138412036],[33,4194568],[34,138543104],[35,34359738368]]]
[22,[20992],775.405,[[29,608174080],[30,5275648],[31,2218786816],[32,138412036],[33,4194568],[34,138543104],[35,34359738368]]]
[23,[3146240],617.129,[[29,608174080],[30,5275648],[31,2218786816],[32,138412036],[33,4194568],[34,138543104],[35,34359738368]]]
[24,[16810496],6.42689,[[29,608174080],[30,5275648],[31,2218786816],[32,138412036],[33,4194568],[34,138543104],[35,34359738368]]]
[25,[590336],154.924,[[29,608174080],[30,5275648],[31,2218786816],[32,138412036],[33,4194568],[34,138543104],[35,34359738368]]]
[26,[521],452.978,[[29,608174080],[30,5275648],[31,2218786816],[32,138412036],[33,4194568],[34,138543104],[35,34359738368]]]
[27,[2130432],521.994,[[29,608174080],[30,5275648],[31,2218786816],[32,138412036],[33,4194568],[34,138543104],[35,34359738368]]]
[28,[17179869184],0,[[29,608174080],[30,5275648],[31,2218786816],[32,138412036],[33,4194568],[34,138543104],[35,34359738368]]]
[29,[608174080],946.506,[[36,16777250],[37,16785440],[38,16846848],[39,3238002688],[40,553664512],[41,285213696],[42,68719476736]]]
[30,[5275648],355.621,[[36,16777250],[37,16785440],[38,16846848],[39,3238002688],[40,553664512],[41,285213696],[42,68719476736]]]
[31,[2218786816],365.103,[[36,16777250],[37,16785440],[38,16846848],[39,3238002688],[40,553664512],[41,285213696],[42,68719476736]]]
[32,[138412036],480.147,[[36,16777250],[37,16785440],[38,16846848],[39,3238002688],[40,553664512],[41,285213696],[42,68719476736]]]
[33,[4194568],382.691,[[36,16777250],[37,16785440],[38,16846848],[39,3238002688],[40,553664512],[41,285213696],[42,68719476736]]]
[34,[138543104],385.901,[[36,16777250],[37,16785440],[38,16846848],[39,3238002688],[40,553664512],[41,285213696],[42,68719476736]]]
[35,[34359738368],0,[[36,16777250],[37,16785440],[38,16846848],[39,3238002688],[40,553664512],[41,285213696],[42,68719476736]]]
[36,[16777250],199.911,[[43,131089],[44,32777],[45,8225],[46,2147483713],[47,137438953472]]]
[37,[16785440],245.159,[[43,131089],[44,32777],[45,8225],[46,2147483713],[47,137438953472]]]
[38,[16846848],9.38497,[[43,131089],[44,32777],[45,8225],[46,2147483713],[47,137438953472]]]
[39,[3238002688],484.952,[[43,131089],[44,32777],[45,8225],[46,2147483713],[47,137438953472]]]
[40,[553664512],506.751,[[43,131089],[44,32777],[45,8225],[46,2147483713],[47,137438953472]]]
[41,[285213696],468.965,[[43,131089],[44,32777],[45,8225],[46,2147483713],[47,137438953472]]]
[42,[68719476736],0,[[43,131089],[44,32777],[45,8225],[46,2147483713],[47,137438953472]]]
[43,[131089],978.255,[[48,1073742864],[49,8389634],[50,1049616],[51,66624],[52,274877906944]]]
[44,[32777],111.648,[[48,1073742864],[49,8389634],[50,1049616],[51,66624],[52,274877906944]]]
[45,[8225],113.608,[[48,1073742864],[49,8389634],[50,1049616],[51,66624],[52,274877906944]]]
[46,[2147483713],364.048,[[48,1073742864],[49,8389634],[50,1049616],[51,66624],[52,274877906944]]]
[47,[137438953472],0,[[48,1073742864],[49,8389634],[50,1049616],[51,66624],[52,274877906944]]]
[48,[1073742864],546.259,[[53,270532640],[54,2097224],[55,2105352],[56,2113792],[57,549755813888]]]
[49,[8389634],85.6999,[[53,270532640],[54,2097224],[55,2105352],[56,2113792],[57,549755813888]]]
[50,[1049616],200.379,[[53,270532640],[54,2097224],[55,2105352],[56,2113792],[57,549755813888]]]
[51,[66624],178.21,[[53,270532640],[54,2097224],[55,2105352],[56,2113792],[57,549755813888]]]
[52,[274877906944],0,[[53,270532640],[54,2097224],[55,2105352],[56,2113792],[57,549755813888]]]
[53,[270532640],0.426236,[[58,168],[59,537395328],[60,268435648],[61,1099511627776]]]
[54,[2097224],356.334,[[58,168],[59,537395328],[60,268435648],[61,1099511627776]]]
[55,[2105352],372.963,[[58,168],[59,537395328],[60,268435648],[61,1099511627776]]]
[56,[2113792],283.707,[[58,168],[59,537395328],[60,268435648],[61,1099511627776]]]
[57,[549755813888],0,[[58,168],[59,537395328],[60,268435648],[61,1099511627776]]]
[58,[168],204.22,[[62,2281701378],[63,268566530],[64,2199023255552]]]
[59,[537395328],96.7507,[[62,2281701378],[63,268566530],[64,2199023255552]]]
[60,[268435648],799.042,[[62,2281701378],[63,268566530],[64,2199023255552]]]
[61,[1099511627776],0,[[62,2281701378],[63,268566530],[64,2199023255552]]]
[62,[2281701378],316.743,[[65,2148540416],[66,8921088],[67,4398046511104]]]
[63,[268566530],38.1449,[[65,2148540416],[66,8921088],[67,4398046511104]]]
[64,[2199023255552],0,[[65,2148540416],[66,8921088],[67,4398046511104]]]
[65,[2148540416],163.615,[[68,1140852736],[69,1073742096],[70,8796093022208]]]
[66,[8921088],379.493,[[68,1140852736],[69,1073742096],[70,8796093022208]]]
[67,[4398046511104],0,[[68,1140852736],[69,1073742096],[70,8796093022208]]]
[68,[1140852736],714.174,[[71,268566532],[72,17592186044416]]]
[69,[1073742096],621.176,[[71,268566532],[72,17592186044416]]]
[70,[8796093022208],0,[[71,268566532],[72,17592186044416]]]
[71,[268566532],276.28,[]]
[72,[17592186044416],0,[]]