[0,[131072,618475290624],66.6075,[[5,0,2251800082120960],[6,1048592,256],[7,0,33152],[8,137438953472,0]]]
[1,[655360,274877906944],416.43,[[5,0,2251800082120960],[6,1048592,256],[7,0,33152],[8,137438953472,0]]]
[2,[131072,18874368],463.443,[[5,0,2251800082120960],[6,1048592,256],[7,0,33152],[8,137438953472,0]]]
[3,[131074,-9223372036854775808],365.195,[[5,0,2251800082120960],[6,1048592,256],[7,0,33152],[8,137438953472,0]]]
[4,[68719476736,0],0,[[5,0,2251800082120960],[6,1048592,256],[7,0,33152],[8,137438953472,0]]]
[5,[0,2251800082120960],75.2693,[[9,0,288230376151973890],[10,0,67895296],[11,4259840,262144],[12,274877906944,0]]]
[6,[1048592,256],846.146,[[9,0,288230376151973890],[10,0,67895296],[11,4259840,262144],[12,274877906944,0]]]
[7,[0,33152],181.317,[[9,0,288230376151973890],[10,0,67895296],[11,4259840,262144],[12,274877906944,0]]]
[8,[137438953472,0],0,[[9,0,288230376151973890],[10,0,67895296],[11,4259840,262144],[12,274877906944,0]]]
[9,[0,288230376151973890],118.301,[[13,1114112,64],[14,0,8590000192],[15,549755813888,0]]]
[10,[0,67895296],736.512,[[13,1114112,64],[14,0,8590000192],[15,549755813888,0]]]
[11,[4259840,262144],315.343,[[13,1114112,64],[14,0,8590000192],[15,549755813888,0]]]
[12,[274877906944,0],0,[[13,1114112,64],[14,0,8590000192],[15,549755813888,0]]]
[13,[1114112,64],916.797,[[16,1048576,137455730688],[17,2097152,288230513590665216],[18,1099511627776,0]]]
[14,[0,8590000192],539.614,[[16,1048576,137455730688],[17,2097152,288230513590665216],[18,1099511627776,0]]]
[15,[549755813888,0],0,[[16,1048576,137455730688],[17,2097152,288230513590665216],[18,1099511627776,0]]]
[16,[1048576,137455730688],115.288,[[19,262272,4503599627370496],[20,4,580964351930793984],[21,2199023255552,0]]]
[17,[2097152,288230513590665216],783.784,[[19,262272,4503599627370496],[20,4,580964351930793984],[21,2199023255552,0]]]
[18,[1099511627776,0],0,[[19,262272,4503599627370496],[20,4,580964351930793984],[21,2199023255552,0]]]
[19,[262272,4503599627370496],763.304,[[22,0,18014432869285888],[23,1024,18014398510006272],[24,4398046511104,0]]]
[20,[4,580964351930793984],29.9293,[[22,0,18014432869285888],[23,1024,18014398510006272],[24,4398046511104,0]]]
[21,[2199023255552,0],0,[[22,0,18014432869285888],[23,1024,18014398510006272],[24,4398046511104,0]]]
[22,[0,18014432869285888],575.73,[[25,1073741824,36028801313931264],[26,0,36028797153181824],[27,8796093022208,0]]]
[23,[1024,18014398510006272],534.97,[[25,1073741824,36028801313931264],[26,0,36028797153181824],[27,8796093022208,0]]]
[24,[4398046511104,0],0,[[25,1073741824,36028801313931264],[26,0,36028797153181824],[27,8796093022208,0]]]
[25,[1073741824,36028801313931264],484.111,[[28,2147483664,2147483648],[29,4194320,4096],[30,17592186044416,0]]]
[26,[0,36028797153181824],237.437,[[28,2147483664,2147483648],[29,4194320,4096],[30,17592186044416,0]]]
[27,[8796093022208,0],0,[[28,2147483664,2147483648],[29,4194320,4096],[30,17592186044416,0]]]
[28,[2147483664,2147483648],793.96,[[31,258,2251799813685248],[32,256,8796093024256],[33,35184372088832,0]]]
[29,[4194320,4096],456.372,[[31,258,2251799813685248],[32,256,8796093024256],[33,35184372088832,0]]]
[30,[17592186044416,0],0,[[31,258,2251799813685248],[32,256,8796093024256],[33,35184372088832,0]]]
[31,[258,2251799813685248],910.391,[[34,8388609,1048576],[35,8390656,-9223372036854775808],[36,70368744177664,0]]]
[32,[256,8796093024256],112.951,[[34,8388609,1048576],[35,8390656,-9223372036854775808],[36,70368744177664,0]]]
[33,[35184372088832,0],0,[[34,8388609,1048576],[35,8390656,-9223372036854775808],[36,70368744177664,0]]]
[34,[8388609,1048576],6.24177,[[37,0,145135534866440],[38,140737488355328,0]]]
[35,[8390656,-9223372036854775808],209.709,[[37,0,145135534866440],[38,140737488355328,0]]]
[36,[70368744177664,0],0,[[37,0,145135534866440],[38,140737488355328,0]]]
[37,[0,145135534866440],904.514,[[39,8,17592219598848],[40,281474976710656,0]]]
[38,[140737488355328,0],0,[[39,8,17592219598848],[40,281474976710656,0]]]
[39,[8,17592219598848],685.133,[[41,67108864,5764607523034234880],[42,562949953421312,0]]]
[40,[281474976710656,0],0,[[41,67108864,5764607523034234880],[42,562949953421312,0]]]
[41,[67108864,5764607523034234880],419.71,[[43,553680896,0],[44,1125899906842624,0]]]
[42,[562949953421312,0],0,[[43,553680896,0],[44,1125899906842624,0]]]
[43,[553680896,0],819.566,[]]
[44,[1125899906842624,0],0,[]]