[0,[0,4755801206503243780,0],106.905,[[5,0,16777216,2064],[6,0,0,2147483728],[7,2,0,0]]]
[1,[0,4611686018561605632,144115188075855872],869.099,[[5,0,16777216,2064],[6,0,0,2147483728],[7,2,0,0]]]
[2,[0,4611686018427387904,36029346774777856],165.055,[[5,0,16777216,2064],[6,0,0,2147483728],[7,2,0,0]]]
[3,[0,6922032627268452352,0],401.567,[[5,0,16777216,2064],[6,0,0,2147483728],[7,2,0,0]]]
[4,[1,0,0],0,[[5,0,16777216,2064],[6,0,0,2147483728],[7,2,0,0]]]
[5,[0,16777216,2064],349.028,[[8,0,0,6292480],[9,0,0,288230378299196416],[10,4,0,0]]]
[6,[0,0,2147483728],116.134,[[8,0,0,6292480],[9,0,0,288230378299196416],[10,4,0,0]]]
[7,[2,0,0],0,[[8,0,0,6292480],[9,0,0,288230378299196416],[10,4,0,0]]]
[8,[0,0,6292480],175.49,[[11,0,8589934592,67174400],[12,0,536870912,36028797019029504],[13,8,0,0]]]
[9,[0,0,288230378299196416],490.128,[[11,0,8589934592,67174400],[12,0,536870912,36028797019029504],[13,8,0,0]]]
[10,[4,0,0],0,[[11,0,8589934592,67174400],[12,0,536870912,36028797019029504],[13,8,0,0]]]
[11,[0,8589934592,67174400],725.491,[[14,0,288230376151711744,18031990695526400],[15,0,35184506306560,17592186044416],[16,16,0,0]]]
[12,[0,536870912,36028797019029504],479.833,[[14,0,288230376151711744,18031990695526400],[15,0,35184506306560,17592186044416],[16,16,0,0]]]
[13,[8,0,0],0,[[14,0,288230376151711744,18031990695526400],[15,0,35184506306560,17592186044416],[16,16,0,0]]]
[14,[0,288230376151711744,18031990695526400],730.713,[[17,0,18014398509483008,1125899906842624],[18,0,0,145311456726876160],[19,32,0,0]]]
[15,[0,35184506306560,17592186044416],855.412,[[17,0,18014398509483008,1125899906842624],[18,0,0,145311456726876160],[19,32,0,0]]]
[16,[16,0,0],0,[[17,0,18014398509483008,1125899906842624],[18,0,0,145311456726876160],[19,32,0,0]]]
[17,[0,18014398509483008,1125899906842624],813.093,[[20,0,8192,144115188075856384],[21,0,4398046519296,68719476736],[22,64,0,0]]]
[18,[0,0,145311456726876160],269.673,[[20,0,8192,144115188075856384],[21,0,4398046519296,68719476736],[22,64,0,0]]]
[19,[32,0,0],0,[[20,0,8192,144115188075856384],[21,0,4398046519296,68719476736],[22,64,0,0]]]
[20,[0,8192,144115188075856384],186.535,[[23,0,137455861760,0],[24,0,147456,2305843009213693952],[25,128,0,0]]]
[21,[0,4398046519296,68719476736],771.986,[[23,0,137455861760,0],[24,0,147456,2305843009213693952],[25,128,0,0]]]
[22,[64,0,0],0,[[23,0,137455861760,0],[24,0,147456,2305843009213693952],[25,128,0,0]]]
[23,[0,137455861760,0],629.423,[[26,0,4785074608275456,0],[27,0,4194304,16777217],[28,256,0,0]]]
[24,[0,147456,2305843009213693952],654.401,[[26,0,4785074608275456,0],[27,0,4194304,16777217],[28,256,0,0]]]
[25,[128,0,0],0,[[26,0,4785074608275456,0],[27,0,4194304,16777217],[28,256,0,0]]]
[26,[0,4785074608275456,0],750.382,[[29,0,2253998836940800,2048],[30,0,2199023321120,0],[31,512,0,0]]]
[27,[0,4194304,16777217],375.912,[[29,0,2253998836940800,2048],[30,0,2199023321120,0],[31,512,0,0]]]
[28,[256,0,0],0,[[29,0,2253998836940800,2048],[30,0,2199023321120,0],[31,512,0,0]]]
[29,[0,2253998836940800,2048],864.238,[[32,0,2305843010287435776,8796093022208],[33,0,2305843009213694208,34359738368],[34,1024,0,0]]]
[30,[0,2199023321120,0],473.69,[[32,0,2305843010287435776,8796093022208],[33,0,2305843009213694208,34359738368],[34,1024,0,0]]]
[31,[512,0,0],0,[[32,0,2305843010287435776,8796093022208],[33,0,2305843009213694208,34359738368],[34,1024,0,0]]]
[32,[0,2305843010287435776,8796093022208],888.645,[[35,0,0,562951028211712],[36,2048,0,0]]]
[33,[0,2305843009213694208,34359738368],921.094,[[35,0,0,562951028211712],[36,2048,0,0]]]
[34,[1024,0,0],0,[[35,0,0,562951028211712],[36,2048,0,0]]]
[35,[0,0,562951028211712],572.856,[[37,0,4503599627370512,2097152],[38,4096,0,0]]]
[36,[2048,0,0],0,[[37,0,4503599627370512,2097152],[38,4096,0,0]]]
[37,[0,4503599627370512,2097152],497.718,[[39,0,144185556820033536,134217728],[40,8192,0,0]]]
[38,[4096,0,0],0,[[39,0,144185556820033536,134217728],[40,8192,0,0]]]
[39,[0,144185556820033536,134217728],696.261,[[41,0,537919488,268435456],[42,16384,0,0]]]
[40,[8192,0,0],0,[[41,0,537919488,268435456],[42,16384,0,0]]]
[41,[0,537919488,268435456],420.313,[[43,0,0,4613940017264328704],[44,32768,0,0]]]
[42,[16384,0,0],0,[[43,0,0,4613940017264328704],[44,32768,0,0]]]
[43,[0,0,4613940017264328704],150.786,[[45,0,36028797018996736,4398046511104],[46,65536,0,0]]]
[44,[32768,0,0],0,[[45,0,36028797018996736,4398046511104],[46,65536,0,0]]]
[45,[0,36028797018996736,4398046511104],543.079,[]]
[46,[65536,0,0],0,[]]