[[0,2,8],639.897,[[1,7,8],[1,6,12],[1,4,8],[1,10,15],[1,4,7],[1,5,7],[1,13,15],[18]]]
[[0,2,4],996.466,[[1,7,8],[1,6,12],[1,4,8],[1,10,15],[1,4,7],[1,5,7],[1,13,15],[18]]]
[[0,14,15],429.454,[[1,7,8],[1,6,12],[1,4,8],[1,10,15],[1,4,7],[1,5,7],[1,13,15],[18]]]
[[0,8,15],274.184,[[1,7,8],[1,6,12],[1,4,8],[1,10,15],[1,4,7],[1,5,7],[1,13,15],[18]]]
[[0,8,11],91.3532,[[1,7,8],[1,6,12],[1,4,8],[1,10,15],[1,4,7],[1,5,7],[1,13,15],[18]]]
[[17],0,[[1,7,8],[1,6,12],[1,4,8],[1,10,15],[1,4,7],[1,5,7],[1,13,15],[18]]]
[[1,7,8],363.963,[[2,7,13],[2,7,12],[2,6,8],[2,10,12],[2,7,9],[19]]]
[[1,6,12],852.792,[[2,7,13],[2,7,12],[2,6,8],[2,10,12],[2,7,9],[19]]]
[[1,4,8],987.1,[[2,7,13],[2,7,12],[2,6,8],[2,10,12],[2,7,9],[19]]]
[[1,10,15],788.801,[[2,7,13],[2,7,12],[2,6,8],[2,10,12],[2,7,9],[19]]]
[[1,4,7],892.07,[[2,7,13],[2,7,12],[2,6,8],[2,10,12],[2,7,9],[19]]]
[[1,5,7],76.4476,[[2,7,13],[2,7,12],[2,6,8],[2,10,12],[2,7,9],[19]]]
[[1,13,15],404.787,[[2,7,13],[2,7,12],[2,6,8],[2,10,12],[2,7,9],[19]]]
[[18],0,[[2,7,13],[2,7,12],[2,6,8],[2,10,12],[2,7,9],[19]]]
[[2,7,13],407.452,[[3,7,11],[3,8,13],[3,7,14],[3,9,14],[20]]]
[[2,7,12],895.31,[[3,7,11],[3,8,13],[3,7,14],[3,9,14],[20]]]
[[2,6,8],264.468,[[3,7,11],[3,8,13],[3,7,14],[3,9,14],[20]]]
[[2,10,12],85.8458,[[3,7,11],[3,8,13],[3,7,14],[3,9,14],[20]]]
[[2,7,9],851.288,[[3,7,11],[3,8,13],[3,7,14],[3,9,14],[20]]]
[[19],0,[[3,7,11],[3,8,13],[3,7,14],[3,9,14],[20]]]
[[3,7,11],847.787,[[4,7,11],[21]]]
[[3,8,13],455.77,[[4,7,11],[21]]]
[[3,7,14],105.154,[[4,7,11],[21]]]
[[3,9,14],628.613,[[4,7,11],[21]]]
[[20],0,[[4,7,11],[21]]]
[[4,7,11],875.747,[[5,14,15],[5,7,11],[22]]]
[[21],0,[[5,14,15],[5,7,11],[22]]]
[[5,14,15],669.638,[[6,9,11],[6,7,9],[23]]]
[[5,7,11],161.727,[[6,9,11],[6,7,9],[23]]]
[[22],0,[[6,9,11],[6,7,9],[23]]]
[[6,9,11],903.608,[[7,11,12],[24]]]
[[6,7,9],808.763,[[7,11,12],[24]]]
[[23],0,[[7,11,12],[24]]]
[[7,11,12],18.761,[[8,9,10],[25]]]
[[24],0,[[8,9,10],[25]]]
[[8,9,10],292.209,[[9,12,14],[9,12,15]]]
[[25],0,[[9,12,14],[9,12,15]]]
[[9,12,14],793.878,[]]
[[9,12,15],940.955,[]]