[[261],639.897,[[386],[4162],[274],[33794],[146],[162],[40962],[131072]]]
[[21],996.466,[[386],[4162],[274],[33794],[146],[162],[40962],[131072]]]
[[49153],429.454,[[386],[4162],[274],[33794],[146],[162],[40962],[131072]]]
[[33025],274.184,[[386],[4162],[274],[33794],[146],[162],[40962],[131072]]]
[[2305],91.3532,[[386],[4162],[274],[33794],[146],[162],[40962],[131072]]]
[[65536],0,[[386],[4162],[274],[33794],[146],[162],[40962],[131072]]]
[[386],363.963,[[8324],[4228],[324],[5124],[644],[262144]]]
[[4162],852.792,[[8324],[4228],[324],[5124],[644],[262144]]]
[[274],987.1,[[8324],[4228],[324],[5124],[644],[262144]]]
[[33794],788.801,[[8324],[4228],[324],[5124],[644],[262144]]]
[[146],892.07,[[8324],[4228],[324],[5124],[644],[262144]]]
[[162],76.4476,[[8324],[4228],[324],[5124],[644],[262144]]]
[[40962],404.787,[[8324],[4228],[324],[5124],[644],[262144]]]
[[131072],0,[[8324],[4228],[324],[5124],[644],[262144]]]
[[8324],407.452,[[2184],[8456],[16520],[16904],[524288]]]
[[4228],895.31,[[2184],[8456],[16520],[16904],[524288]]]
[[324],264.468,[[2184],[8456],[16520],[16904],[524288]]]
[[5124],85.8458,[[2184],[8456],[16520],[16904],[524288]]]
[[644],851.288,[[2184],[8456],[16520],[16904],[524288]]]
[[262144],0,[[2184],[8456],[16520],[16904],[524288]]]
[[2184],847.787,[[2192],[1048576]]]
[[8456],455.77,[[2192],[1048576]]]
[[16520],105.154,[[2192],[1048576]]]
[[16904],628.613,[[2192],[1048576]]]
[[524288],0,[[2192],[1048576]]]
[[2192],875.747,[[49184],[2208],[2097152]]]
[[1048576],0,[[49184],[2208],[2097152]]]
[[49184],669.638,[[2624],[704],[4194304]]]
[[2208],161.727,[[2624],[704],[4194304]]]
[[2097152],0,[[2624],[704],[4194304]]]
[[2624],903.608,[[6272],[8388608]]]
[[704],808.763,[[6272],[8388608]]]
[[4194304],0,[[6272],[8388608]]]
[[6272],18.761,[[1792],[16777216]]]
[[8388608],0,[[1792],[16777216]]]
[[1792],292.209,[[20992],[37376],[33554432]]]
[[16777216],0,[[20992],[37376],[33554432]]]
[[20992],793.878,[]]
[[37376],940.955,[]]
[[33554432],0,[]]