[[261],2,639.897,[[386],[4162],[274],[33794],[146],[162],[40962],[131072]]]
[[21],3,996.466,[[386],[4162],[274],[33794],[146],[162],[40962],[131072]]]
[[49153],13,429.454,[[386],[4162],[274],[33794],[146],[162],[40962],[131072]]]
[[33025],16,274.184,[[386],[4162],[274],[33794],[146],[162],[40962],[131072]]]
[[2305],25,91.3532,[[386],[4162],[274],[33794],[146],[162],[40962],[131072]]]
[[65536],30,0,[[386],[4162],[274],[33794],[146],[162],[40962],[131072]]]
[[386],10,363.963,[[8324],[4228],[324],[5124],[644],[262144]]]
[[4162],15,852.792,[[8324],[4228],[324],[5124],[644],[262144]]]
[[274],22,987.1,[[8324],[4228],[324],[5124],[644],[262144]]]
[[33794],23,788.801,[[8324],[4228],[324],[5124],[644],[262144]]]
[[146],24,892.07,[[8324],[4228],[324],[5124],[644],[262144]]]
[[162],28,76.4476,[[8324],[4228],[324],[5124],[644],[262144]]]
[[40962],29,404.787,[[8324],[4228],[324],[5124],[644],[262144]]]
[[131072],31,0,[[8324],[4228],[324],[5124],[644],[262144]]]
[[8324],1,407.452,[[2184],[8456],[16520],[16904],[524288]]]
[[4228],5,895.31,[[2184],[8456],[16520],[16904],[524288]]]
[[324],9,264.468,[[2184],[8456],[16520],[16904],[524288]]]
[[5124],14,85.8458,[[2184],[8456],[16520],[16904],[524288]]]
[[644],21,851.288,[[2184],[8456],[16520],[16904],[524288]]]
[[262144],32,0,[[2184],[8456],[16520],[16904],[524288]]]
[[2184],0,847.787,[[2192],[1048576]]]
[[8456],7,455.77,[[2192],[1048576]]]
[[16520],17,105.154,[[2192],[1048576]]]
[[16904],26,628.613,[[2192],[1048576]]]
[[524288],33,0,[[2192],[1048576]]]
[[2192],6,875.747,[[49184],[2208],[2097152]]]
[[1048576],34,0,[[49184],[2208],[2097152]]]
[[49184],12,669.638,[[2624],[704],[4194304]]]
[[2208],18,161.727,[[2624],[704],[4194304]]]
[[2097152],35,0,[[2624],[704],[4194304]]]
[[2624],4,903.608,[[6272],[8388608]]]
[[704],11,808.763,[[6272],[8388608]]]
[[4194304],36,0,[[6272],[8388608]]]
[[6272],8,18.761,[[1792],[16777216]]]
[[8388608],37,0,[[1792],[16777216]]]
[[1792],19,292.209,[[20992],[37376],[33554432]]]
[[16777216],38,0,[[20992],[37376],[33554432]]]
[[20992],20,793.878,[]]
[[37376],27,940.955,[]]
[[33554432],39,0,[]]