[[2184],847.787,[[261],[8456],[324],[33025],[1792],[274],[2305],[131072]]]
[[8324],407.452,[[261],[8456],[324],[33025],[1792],[274],[2305],[131072]]]
[[4228],895.31,[[261],[8456],[324],[33025],[1792],[274],[2305],[131072]]]
[[2192],875.747,[[261],[8456],[324],[33025],[1792],[274],[2305],[131072]]]
[[6272],18.761,[[261],[8456],[324],[33025],[1792],[274],[2305],[131072]]]
[[386],363.963,[[261],[8456],[324],[33025],[1792],[274],[2305],[131072]]]
[[704],808.763,[[261],[8456],[324],[33025],[1792],[274],[2305],[131072]]]
[[16520],105.154,[[261],[8456],[324],[33025],[1792],[274],[2305],[131072]]]
[[2208],161.727,[[261],[8456],[324],[33025],[1792],[274],[2305],[131072]]]
[[644],851.288,[[261],[8456],[324],[33025],[1792],[274],[2305],[131072]]]
[[146],892.07,[[261],[8456],[324],[33025],[1792],[274],[2305],[131072]]]
[[162],76.4476,[[261],[8456],[324],[33025],[1792],[274],[2305],[131072]]]
[[65536],0,[[261],[8456],[324],[33025],[1792],[274],[2305],[131072]]]
[[261],639.897,[[49184],[49153],[33794],[37376],[40962],[262144]]]
[[8456],455.77,[[49184],[49153],[33794],[37376],[40962],[262144]]]
[[324],264.468,[[49184],[49153],[33794],[37376],[40962],[262144]]]
[[33025],274.184,[[49184],[49153],[33794],[37376],[40962],[262144]]]
[[1792],292.209,[[49184],[49153],[33794],[37376],[40962],[262144]]]
[[274],987.1,[[49184],[49153],[33794],[37376],[40962],[262144]]]
[[2305],91.3532,[[49184],[49153],[33794],[37376],[40962],[262144]]]
[[131072],0,[[49184],[49153],[33794],[37376],[40962],[262144]]]
[[49184],669.638,[[2624],[20992],[16904],[524288]]]
[[49153],429.454,[[2624],[20992],[16904],[524288]]]
[[33794],788.801,[[2624],[20992],[16904],[524288]]]
[[37376],940.955,[[2624],[20992],[16904],[524288]]]
[[40962],404.787,[[2624],[20992],[16904],[524288]]]
[[262144],0,[[2624],[20992],[16904],[524288]]]
[[2624],903.608,[[21],[5124],[1048576]]]
[[20992],793.878,[[21],[5124],[1048576]]]
[[16904],628.613,[[21],[5124],[1048576]]]
[[524288],0,[[21],[5124],[1048576]]]
[[21],996.466,[[4162],[2097152]]]
[[5124],85.8458,[[4162],[2097152]]]
[[1048576],0,[[4162],[2097152]]]
[[4162],852.792,[]]
[[2097152],0,[]]