[177,[1107296260],334.872,[[176,67174402],[159,5308416],[142,66080],[126,545325056],[113,200704],[100,196609],[89,1114120],[78,196736],[68,537067520],[59,671154176],[50,589826],[42,8454146],[36,1118208],[31,4259842],[26,268509184],[21,2147549216],[17,67588],[13,67174416],[9,67174464],[6,1075904512],[3,8589934592]]]
[160,[33563136],82.5728,[[176,67174402],[159,5308416],[142,66080],[126,545325056],[113,200704],[100,196609],[89,1114120],[78,196736],[68,537067520],[59,671154176],[50,589826],[42,8454146],[36,1118208],[31,4259842],[26,268509184],[21,2147549216],[17,67588],[13,67174416],[9,67174464],[6,1075904512],[3,8589934592]]]
[143,[167788544],789.403,[[176,67174402],[159,5308416],[142,66080],[126,545325056],[113,200704],[100,196609],[89,1114120],[78,196736],[68,537067520],[59,671154176],[50,589826],[42,8454146],[36,1118208],[31,4259842],[26,268509184],[21,2147549216],[17,67588],[13,67174416],[9,67174464],[6,1075904512],[3,8589934592]]]
[127,[1241513984],507.722,[[176,67174402],[159,5308416],[142,66080],[126,545325056],[113,200704],[100,196609],[89,1114120],[78,196736],[68,537067520],[59,671154176],[50,589826],[42,8454146],[36,1118208],[31,4259842],[26,268509184],[21,2147549216],[17,67588],[13,67174416],[9,67174464],[6,1075904512],[3,8589934592]]]
[114,[33832960],456.976,[[176,67174402],[159,5308416],[142,66080],[126,545325056],[113,200704],[100,196609],[89,1114120],[78,196736],[68,537067520],[59,671154176],[50,589826],[42,8454146],[36,1118208],[31,4259842],[26,268509184],[21,2147549216],[17,67588],[13,67174416],[9,67174464],[6,1075904512],[3,8589934592]]]
[101,[570425360],592.141,[[176,67174402],[159,5308416],[142,66080],[126,545325056],[113,200704],[100,196609],[89,1114120],[78,196736],[68,537067520],[59,671154176],[50,589826],[42,8454146],[36,1118208],[31,4259842],[26,268509184],[21,2147549216],[17,67588],[13,67174416],[9,67174464],[6,1075904512],[3,8589934592]]]
[90,[1107296384],802.191,[[176,67174402],[159,5308416],[142,66080],[126,545325056],[113,200704],[100,196609],[89,1114120],[78,196736],[68,537067520],[59,671154176],[50,589826],[42,8454146],[36,1118208],[31,4259842],[26,268509184],[21,2147549216],[17,67588],[13,67174416],[9,67174464],[6,1075904512],[3,8589934592]]]
[79,[33816832],238.352,[[176,67174402],[159,5308416],[142,66080],[126,545325056],[113,200704],[100,196609],[89,1114120],[78,196736],[68,537067520],[59,671154176],[50,589826],[42,8454146],[36,1118208],[31,4259842],[26,268509184],[21,2147549216],[17,67588],[13,67174416],[9,67174464],[6,1075904512],[3,8589934592]]]
[69,[33701888],511.89,[[176,67174402],[159,5308416],[142,66080],[126,545325056],[113,200704],[100,196609],[89,1114120],[78,196736],[68,537067520],[59,671154176],[50,589826],[42,8454146],[36,1118208],[31,4259842],[26,268509184],[21,2147549216],[17,67588],[13,67174416],[9,67174464],[6,1075904512],[3,8589934592]]]
[60,[37756928],901.695,[[176,67174402],[159,5308416],[142,66080],[126,545325056],[113,200704],[100,196609],[89,1114120],[78,196736],[68,537067520],[59,671154176],[50,589826],[42,8454146],[36,1118208],[31,4259842],[26,268509184],[21,2147549216],[17,67588],[13,67174416],[9,67174464],[6,1075904512],[3,8589934592]]]
[51,[2181039104],531.806,[[176,67174402],[159,5308416],[142,66080],[126,545325056],[113,200704],[100,196609],[89,1114120],[78,196736],[68,537067520],[59,671154176],[50,589826],[42,8454146],[36,1118208],[31,4259842],[26,268509184],[21,2147549216],[17,67588],[13,67174416],[9,67174464],[6,1075904512],[3,8589934592]]]
[43,[33556488],297.198,[[176,67174402],[159,5308416],[142,66080],[126,545325056],[113,200704],[100,196609],[89,1114120],[78,196736],[68,537067520],[59,671154176],[50,589826],[42,8454146],[36,1118208],[31,4259842],[26,268509184],[21,2147549216],[17,67588],[13,67174416],[9,67174464],[6,1075904512],[3,8589934592]]]
[37,[33554692],254.725,[[176,67174402],[159,5308416],[142,66080],[126,545325056],[113,200704],[100,196609],[89,1114120],[78,196736],[68,537067520],[59,671154176],[50,589826],[42,8454146],[36,1118208],[31,4259842],[26,268509184],[21,2147549216],[17,67588],[13,67174416],[9,67174464],[6,1075904512],[3,8589934592]]]
[32,[37748752],569.559,[[176,67174402],[159,5308416],[142,66080],[126,545325056],[113,200704],[100,196609],[89,1114120],[78,196736],[68,537067520],[59,671154176],[50,589826],[42,8454146],[36,1118208],[31,4259842],[26,268509184],[21,2147549216],[17,67588],[13,67174416],[9,67174464],[6,1075904512],[3,8589934592]]]
[27,[33622016],221.378,[[176,67174402],[159,5308416],[142,66080],[126,545325056],[113,200704],[100,196609],[89,1114120],[78,196736],[68,537067520],[59,671154176],[50,589826],[42,8454146],[36,1118208],[31,4259842],[26,268509184],[21,2147549216],[17,67588],[13,67174416],[9,67174464],[6,1075904512],[3,8589934592]]]
[22,[37749248],457.467,[[176,67174402],[159,5308416],[142,66080],[126,545325056],[113,200704],[100,196609],[89,1114120],[78,196736],[68,537067520],[59,671154176],[50,589826],[42,8454146],[36,1118208],[31,4259842],[26,268509184],[21,2147549216],[17,67588],[13,67174416],[9,67174464],[6,1075904512],[3,8589934592]]]
[18,[34111488],287.556,[[176,67174402],[159,5308416],[142,66080],[126,545325056],[113,200704],[100,196609],[89,1114120],[78,196736],[68,537067520],[59,671154176],[50,589826],[42,8454146],[36,1118208],[31,4259842],[26,268509184],[21,2147549216],[17,67588],[13,67174416],[9,67174464],[6,1075904512],[3,8589934592]]]
[14,[33554466],908.968,[[176,67174402],[159,5308416],[142,66080],[126,545325056],[113,200704],[100,196609],[89,1114120],[78,196736],[68,537067520],[59,671154176],[50,589826],[42,8454146],[36,1118208],[31,4259842],[26,268509184],[21,2147549216],[17,67588],[13,67174416],[9,67174464],[6,1075904512],[3,8589934592]]]
[10,[34603010],855.342,[[176,67174402],[159,5308416],[142,66080],[126,545325056],[113,200704],[100,196609],[89,1114120],[78,196736],[68,537067520],[59,671154176],[50,589826],[42,8454146],[36,1118208],[31,4259842],[26,268509184],[21,2147549216],[17,67588],[13,67174416],[9,67174464],[6,1075904512],[3,8589934592]]]
[7,[39845888],18.407,[[176,67174402],[159,5308416],[142,66080],[126,545325056],[113,200704],[100,196609],[89,1114120],[78,196736],[68,537067520],[59,671154176],[50,589826],[42,8454146],[36,1118208],[31,4259842],[26,268509184],[21,2147549216],[17,67588],[13,67174416],[9,67174464],[6,1075904512],[3,8589934592]]]
[4,[2181038088],484.926,[[176,67174402],[159,5308416],[142,66080],[126,545325056],[113,200704],[100,196609],[89,1114120],[78,196736],[68,537067520],[59,671154176],[50,589826],[42,8454146],[36,1118208],[31,4259842],[26,268509184],[21,2147549216],[17,67588],[13,67174416],[9,67174464],[6,1075904512],[3,8589934592]]]
[2,[2181169152],491.829,[[176,67174402],[159,5308416],[142,66080],[126,545325056],[113,200704],[100,196609],[89,1114120],[78,196736],[68,537067520],[59,671154176],[50,589826],[42,8454146],[36,1118208],[31,4259842],[26,268509184],[21,2147549216],[17,67588],[13,67174416],[9,67174464],[6,1075904512],[3,8589934592]]]
[1,[4294967296],0,[[176,67174402],[159,5308416],[142,66080],[126,545325056],[113,200704],[100,196609],[89,1114120],[78,196736],[68,537067520],[59,671154176],[50,589826],[42,8454146],[36,1118208],[31,4259842],[26,268509184],[21,2147549216],[17,67588],[13,67174416],[9,67174464],[6,1075904512],[3,8589934592]]]
[176,[67174402],326.837,[[175,8422400],[158,2148040704],[141,2147516432],[125,2149613568],[112,36868],[99,536911872],[88,1081376],[77,67141636],[67,32778],[58,2147516420],[49,67142144],[41,32780],[35,41984],[30,134250528],[25,33026],[20,163844],[16,294944],[12,2134016],[8,268468256],[5,17179869184]]]
[159,[5308416],556.402,[[175,8422400],[158,2148040704],[141,2147516432],[125,2149613568],[112,36868],[99,536911872],[88,1081376],[77,67141636],[67,32778],[58,2147516420],[49,67142144],[41,32780],[35,41984],[30,134250528],[25,33026],[20,163844],[16,294944],[12,2134016],[8,268468256],[5,17179869184]]]
[142,[66080],249.431,[[175,8422400],[158,2148040704],[141,2147516432],[125,2149613568],[112,36868],[99,536911872],[88,1081376],[77,67141636],[67,32778],[58,2147516420],[49,67142144],[41,32780],[35,41984],[30,134250528],[25,33026],[20,163844],[16,294944],[12,2134016],[8,268468256],[5,17179869184]]]
[126,[545325056],367.405,[[175,8422400],[158,2148040704],[141,2147516432],[125,2149613568],[112,36868],[99,536911872],[88,1081376],[77,67141636],[67,32778],[58,2147516420],[49,67142144],[41,32780],[35,41984],[30,134250528],[25,33026],[20,163844],[16,294944],[12,2134016],[8,268468256],[5,17179869184]]]
[113,[200704],388.523,[[175,8422400],[158,2148040704],[141,2147516432],[125,2149613568],[112,36868],[99,536911872],[88,1081376],[77,67141636],[67,32778],[58,2147516420],[49,67142144],[41,32780],[35,41984],[30,134250528],[25,33026],[20,163844],[16,294944],[12,2134016],[8,268468256],[5,17179869184]]]
[100,[196609],523.674,[[175,8422400],[158,2148040704],[141,2147516432],[125,2149613568],[112,36868],[99,536911872],[88,1081376],[77,67141636],[67,32778],[58,2147516420],[49,67142144],[41,32780],[35,41984],[30,134250528],[25,33026],[20,163844],[16,294944],[12,2134016],[8,268468256],[5,17179869184]]]
[89,[1114120],280.526,[[175,8422400],[158,2148040704],[141,2147516432],[125,2149613568],[112,36868],[99,536911872],[88,1081376],[77,67141636],[67,32778],[58,2147516420],[49,67142144],[41,32780],[35,41984],[30,134250528],[25,33026],[20,163844],[16,294944],[12,2134016],[8,268468256],[5,17179869184]]]
[78,[196736],778.866,[[175,8422400],[158,2148040704],[141,2147516432],[125,2149613568],[112,36868],[99,536911872],[88,1081376],[77,67141636],[67,32778],[58,2147516420],[49,67142144],[41,32780],[35,41984],[30,134250528],[25,33026],[20,163844],[16,294944],[12,2134016],[8,268468256],[5,17179869184]]]
[68,[537067520],365.692,[[175,8422400],[158,2148040704],[141,2147516432],[125,2149613568],[112,36868],[99,536911872],[88,1081376],[77,67141636],[67,32778],[58,2147516420],[49,67142144],[41,32780],[35,41984],[30,134250528],[25,33026],[20,163844],[16,294944],[12,2134016],[8,268468256],[5,17179869184]]]
[59,[671154176],401.579,[[175,8422400],[158,2148040704],[141,2147516432],[125,2149613568],[112,36868],[99,536911872],[88,1081376],[77,67141636],[67,32778],[58,2147516420],[49,67142144],[41,32780],[35,41984],[30,134250528],[25,33026],[20,163844],[16,294944],[12,2134016],[8,268468256],[5,17179869184]]]
[50,[589826],918.663,[[175,8422400],[158,2148040704],[141,2147516432],[125,2149613568],[112,36868],[99,536911872],[88,1081376],[77,67141636],[67,32778],[58,2147516420],[49,67142144],[41,32780],[35,41984],[30,134250528],[25,33026],[20,163844],[16,294944],[12,2134016],[8,268468256],[5,17179869184]]]
[42,[8454146],222.842,[[175,8422400],[158,2148040704],[141,2147516432],[125,2149613568],[112,36868],[99,536911872],[88,1081376],[77,67141636],[67,32778],[58,2147516420],[49,67142144],[41,32780],[35,41984],[30,134250528],[25,33026],[20,163844],[16,294944],[12,2134016],[8,268468256],[5,17179869184]]]
[36,[1118208],920.134,[[175,8422400],[158,2148040704],[141,2147516432],[125,2149613568],[112,36868],[99,536911872],[88,1081376],[77,67141636],[67,32778],[58,2147516420],[49,67142144],[41,32780],[35,41984],[30,134250528],[25,33026],[20,163844],[16,294944],[12,2134016],[8,268468256],[5,17179869184]]]
[31,[4259842],795.086,[[175,8422400],[158,2148040704],[141,2147516432],[125,2149613568],[112,36868],[99,536911872],[88,1081376],[77,67141636],[67,32778],[58,2147516420],[49,67142144],[41,32780],[35,41984],[30,134250528],[25,33026],[20,163844],[16,294944],[12,2134016],[8,268468256],[5,17179869184]]]
[26,[268509184],917.359,[[175,8422400],[158,2148040704],[141,2147516432],[125,2149613568],[112,36868],[99,536911872],[88,1081376],[77,67141636],[67,32778],[58,2147516420],[49,67142144],[41,32780],[35,41984],[30,134250528],[25,33026],[20,163844],[16,294944],[12,2134016],[8,268468256],[5,17179869184]]]
[21,[2147549216],340.707,[[175,8422400],[158,2148040704],[141,2147516432],[125,2149613568],[112,36868],[99,536911872],[88,1081376],[77,67141636],[67,32778],[58,2147516420],[49,67142144],[41,32780],[35,41984],[30,134250528],[25,33026],[20,163844],[16,294944],[12,2134016],[8,268468256],[5,17179869184]]]
[17,[67588],59.1492,[[175,8422400],[158,2148040704],[141,2147516432],[125,2149613568],[112,36868],[99,536911872],[88,1081376],[77,67141636],[67,32778],[58,2147516420],[49,67142144],[41,32780],[35,41984],[30,134250528],[25,33026],[20,163844],[16,294944],[12,2134016],[8,268468256],[5,17179869184]]]
[13,[67174416],733.455,[[175,8422400],[158,2148040704],[141,2147516432],[125,2149613568],[112,36868],[99,536911872],[88,1081376],[77,67141636],[67,32778],[58,2147516420],[49,67142144],[41,32780],[35,41984],[30,134250528],[25,33026],[20,163844],[16,294944],[12,2134016],[8,268468256],[5,17179869184]]]
[9,[67174464],296.115,[[175,8422400],[158,2148040704],[141,2147516432],[125,2149613568],[112,36868],[99,536911872],[88,1081376],[77,67141636],[67,32778],[58,2147516420],[49,67142144],[41,32780],[35,41984],[30,134250528],[25,33026],[20,163844],[16,294944],[12,2134016],[8,268468256],[5,17179869184]]]
[6,[1075904512],775.273,[[175,8422400],[158,2148040704],[141,2147516432],[125,2149613568],[112,36868],[99,536911872],[88,1081376],[77,67141636],[67,32778],[58,2147516420],[49,67142144],[41,32780],[35,41984],[30,134250528],[25,33026],[20,163844],[16,294944],[12,2134016],[8,268468256],[5,17179869184]]]
[3,[8589934592],0,[[175,8422400],[158,2148040704],[141,2147516432],[125,2149613568],[112,36868],[99,536911872],[88,1081376],[77,67141636],[67,32778],[58,2147516420],[49,67142144],[41,32780],[35,41984],[30,134250528],[25,33026],[20,163844],[16,294944],[12,2134016],[8,268468256],[5,17179869184]]]
[175,[8422400],986,[[174,1074921472],[157,1074266624],[140,1082130560],[124,1611661312],[111,1610614784],[98,1073873152],[87,1073742864],[76,1074282496],[66,1073872904],[57,1090519041],[48,1075839232],[40,1207959616],[34,1627389952],[29,1073742016],[24,1082138624],[19,1342177536],[15,1075839104],[11,34359738368]]]
[158,[2148040704],858.75,[[174,1074921472],[157,1074266624],[140,1082130560],[124,1611661312],[111,1610614784],[98,1073873152],[87,1073742864],[76,1074282496],[66,1073872904],[57,1090519041],[48,1075839232],[40,1207959616],[34,1627389952],[29,1073742016],[24,1082138624],[19,1342177536],[15,1075839104],[11,34359738368]]]
[141,[2147516432],809.964,[[174,1074921472],[157,1074266624],[140,1082130560],[124,1611661312],[111,1610614784],[98,1073873152],[87,1073742864],[76,1074282496],[66,1073872904],[57,1090519041],[48,1075839232],[40,1207959616],[34,1627389952],[29,1073742016],[24,1082138624],[19,1342177536],[15,1075839104],[11,34359738368]]]
[125,[2149613568],232.773,[[174,1074921472],[157,1074266624],[140,1082130560],[124,1611661312],[111,1610614784],[98,1073873152],[87,1073742864],[76,1074282496],[66,1073872904],[57,1090519041],[48,1075839232],[40,1207959616],[34,1627389952],[29,1073742016],[24,1082138624],[19,1342177536],[15,1075839104],[11,34359738368]]]
[112,[36868],547.428,[[174,1074921472],[157,1074266624],[140,1082130560],[124,1611661312],[111,1610614784],[98,1073873152],[87,1073742864],[76,1074282496],[66,1073872904],[57,1090519041],[48,1075839232],[40,1207959616],[34,1627389952],[29,1073742016],[24,1082138624],[19,1342177536],[15,1075839104],[11,34359738368]]]
[99,[536911872],164.047,[[174,1074921472],[157,1074266624],[140,1082130560],[124,1611661312],[111,1610614784],[98,1073873152],[87,1073742864],[76,1074282496],[66,1073872904],[57,1090519041],[48,1075839232],[40,1207959616],[34,1627389952],[29,1073742016],[24,1082138624],[19,1342177536],[15,1075839104],[11,34359738368]]]
[88,[1081376],274.778,[[174,1074921472],[157,1074266624],[140,1082130560],[124,1611661312],[111,1610614784],[98,1073873152],[87,1073742864],[76,1074282496],[66,1073872904],[57,1090519041],[48,1075839232],[40,1207959616],[34,1627389952],[29,1073742016],[24,1082138624],[19,1342177536],[15,1075839104],[11,34359738368]]]
[77,[67141636],145.62,[[174,1074921472],[157,1074266624],[140,1082130560],[124,1611661312],[111,1610614784],[98,1073873152],[87,1073742864],[76,1074282496],[66,1073872904],[57,1090519041],[48,1075839232],[40,1207959616],[34,1627389952],[29,1073742016],[24,1082138624],[19,1342177536],[15,1075839104],[11,34359738368]]]
[67,[32778],385.752,[[174,1074921472],[157,1074266624],[140,1082130560],[124,1611661312],[111,1610614784],[98,1073873152],[87,1073742864],[76,1074282496],[66,1073872904],[57,1090519041],[48,1075839232],[40,1207959616],[34,1627389952],[29,1073742016],[24,1082138624],[19,1342177536],[15,1075839104],[11,34359738368]]]
[58,[2147516420],786.595,[[174,1074921472],[157,1074266624],[140,1082130560],[124,1611661312],[111,1610614784],[98,1073873152],[87,1073742864],[76,1074282496],[66,1073872904],[57,1090519041],[48,1075839232],[40,1207959616],[34,1627389952],[29,1073742016],[24,1082138624],[19,1342177536],[15,1075839104],[11,34359738368]]]
[49,[67142144],415.153,[[174,1074921472],[157,1074266624],[140,1082130560],[124,1611661312],[111,1610614784],[98,1073873152],[87,1073742864],[76,1074282496],[66,1073872904],[57,1090519041],[48,1075839232],[40,1207959616],[34,1627389952],[29,1073742016],[24,1082138624],[19,1342177536],[15,1075839104],[11,34359738368]]]
[41,[32780],661.089,[[174,1074921472],[157,1074266624],[140,1082130560],[124,1611661312],[111,1610614784],[98,1073873152],[87,1073742864],[76,1074282496],[66,1073872904],[57,1090519041],[48,1075839232],[40,1207959616],[34,1627389952],[29,1073742016],[24,1082138624],[19,1342177536],[15,1075839104],[11,34359738368]]]
[35,[41984],344.502,[[174,1074921472],[157,1074266624],[140,1082130560],[124,1611661312],[111,1610614784],[98,1073873152],[87,1073742864],[76,1074282496],[66,1073872904],[57,1090519041],[48,1075839232],[40,1207959616],[34,1627389952],[29,1073742016],[24,1082138624],[19,1342177536],[15,1075839104],[11,34359738368]]]
[30,[134250528],357.858,[[174,1074921472],[157,1074266624],[140,1082130560],[124,1611661312],[111,1610614784],[98,1073873152],[87,1073742864],[76,1074282496],[66,1073872904],[57,1090519041],[48,1075839232],[40,1207959616],[34,1627389952],[29,1073742016],[24,1082138624],[19,1342177536],[15,1075839104],[11,34359738368]]]
[25,[33026],326.793,[[174,1074921472],[157,1074266624],[140,1082130560],[124,1611661312],[111,1610614784],[98,1073873152],[87,1073742864],[76,1074282496],[66,1073872904],[57,1090519041],[48,1075839232],[40,1207959616],[34,1627389952],[29,1073742016],[24,1082138624],[19,1342177536],[15,1075839104],[11,34359738368]]]
[20,[163844],184.111,[[174,1074921472],[157,1074266624],[140,1082130560],[124,1611661312],[111,1610614784],[98,1073873152],[87,1073742864],[76,1074282496],[66,1073872904],[57,1090519041],[48,1075839232],[40,1207959616],[34,1627389952],[29,1073742016],[24,1082138624],[19,1342177536],[15,1075839104],[11,34359738368]]]
[16,[294944],468.15,[[174,1074921472],[157,1074266624],[140,1082130560],[124,1611661312],[111,1610614784],[98,1073873152],[87,1073742864],[76,1074282496],[66,1073872904],[57,1090519041],[48,1075839232],[40,1207959616],[34,1627389952],[29,1073742016],[24,1082138624],[19,1342177536],[15,1075839104],[11,34359738368]]]
[12,[2134016],832.93,[[174,1074921472],[157,1074266624],[140,1082130560],[124,1611661312],[111,1610614784],[98,1073873152],[87,1073742864],[76,1074282496],[66,1073872904],[57,1090519041],[48,1075839232],[40,1207959616],[34,1627389952],[29,1073742016],[24,1082138624],[19,1342177536],[15,1075839104],[11,34359738368]]]
[8,[268468256],264.53,[[174,1074921472],[157,1074266624],[140,1082130560],[124,1611661312],[111,1610614784],[98,1073873152],[87,1073742864],[76,1074282496],[66,1073872904],[57,1090519041],[48,1075839232],[40,1207959616],[34,1627389952],[29,1073742016],[24,1082138624],[19,1342177536],[15,1075839104],[11,34359738368]]]
[5,[17179869184],0,[[174,1074921472],[157,1074266624],[140,1082130560],[124,1611661312],[111,1610614784],[98,1073873152],[87,1073742864],[76,1074282496],[66,1073872904],[57,1090519041],[48,1075839232],[40,1207959616],[34,1627389952],[29,1073742016],[24,1082138624],[19,1342177536],[15,1075839104],[11,34359738368]]]
[174,[1074921472],404.135,[[173,536871176],[156,6152],[139,2147483720],[123,776],[110,67108874],[97,2058],[86,8389128],[75,2147483657],[65,2312],[56,536887304],[47,524360],[39,526344],[33,8264],[28,4194313],[23,68719476736]]]
[157,[1074266624],833.679,[[173,536871176],[156,6152],[139,2147483720],[123,776],[110,67108874],[97,2058],[86,8389128],[75,2147483657],[65,2312],[56,536887304],[47,524360],[39,526344],[33,8264],[28,4194313],[23,68719476736]]]
[140,[1082130560],608.766,[[173,536871176],[156,6152],[139,2147483720],[123,776],[110,67108874],[97,2058],[86,8389128],[75,2147483657],[65,2312],[56,536887304],[47,524360],[39,526344],[33,8264],[28,4194313],[23,68719476736]]]
[124,[1611661312],938.422,[[173,536871176],[156,6152],[139,2147483720],[123,776],[110,67108874],[97,2058],[86,8389128],[75,2147483657],[65,2312],[56,536887304],[47,524360],[39,526344],[33,8264],[28,4194313],[23,68719476736]]]
[111,[1610614784],285.827,[[173,536871176],[156,6152],[139,2147483720],[123,776],[110,67108874],[97,2058],[86,8389128],[75,2147483657],[65,2312],[56,536887304],[47,524360],[39,526344],[33,8264],[28,4194313],[23,68719476736]]]
[98,[1073873152],949.95,[[173,536871176],[156,6152],[139,2147483720],[123,776],[110,67108874],[97,2058],[86,8389128],[75,2147483657],[65,2312],[56,536887304],[47,524360],[39,526344],[33,8264],[28,4194313],[23,68719476736]]]
[87,[1073742864],421.71,[[173,536871176],[156,6152],[139,2147483720],[123,776],[110,67108874],[97,2058],[86,8389128],[75,2147483657],[65,2312],[56,536887304],[47,524360],[39,526344],[33,8264],[28,4194313],[23,68719476736]]]
[76,[1074282496],897.397,[[173,536871176],[156,6152],[139,2147483720],[123,776],[110,67108874],[97,2058],[86,8389128],[75,2147483657],[65,2312],[56,536887304],[47,524360],[39,526344],[33,8264],[28,4194313],[23,68719476736]]]
[66,[1073872904],376.781,[[173,536871176],[156,6152],[139,2147483720],[123,776],[110,67108874],[97,2058],[86,8389128],[75,2147483657],[65,2312],[56,536887304],[47,524360],[39,526344],[33,8264],[28,4194313],[23,68719476736]]]
[57,[1090519041],701.477,[[173,536871176],[156,6152],[139,2147483720],[123,776],[110,67108874],[97,2058],[86,8389128],[75,2147483657],[65,2312],[56,536887304],[47,524360],[39,526344],[33,8264],[28,4194313],[23,68719476736]]]
[48,[1075839232],358.865,[[173,536871176],[156,6152],[139,2147483720],[123,776],[110,67108874],[97,2058],[86,8389128],[75,2147483657],[65,2312],[56,536887304],[47,524360],[39,526344],[33,8264],[28,4194313],[23,68719476736]]]
[40,[1207959616],550.956,[[173,536871176],[156,6152],[139,2147483720],[123,776],[110,67108874],[97,2058],[86,8389128],[75,2147483657],[65,2312],[56,536887304],[47,524360],[39,526344],[33,8264],[28,4194313],[23,68719476736]]]
[34,[1627389952],186.031,[[173,536871176],[156,6152],[139,2147483720],[123,776],[110,67108874],[97,2058],[86,8389128],[75,2147483657],[65,2312],[56,536887304],[47,524360],[39,526344],[33,8264],[28,4194313],[23,68719476736]]]
[29,[1073742016],775.897,[[173,536871176],[156,6152],[139,2147483720],[123,776],[110,67108874],[97,2058],[86,8389128],[75,2147483657],[65,2312],[56,536887304],[47,524360],[39,526344],[33,8264],[28,4194313],[23,68719476736]]]
[24,[1082138624],499.469,[[173,536871176],[156,6152],[139,2147483720],[123,776],[110,67108874],[97,2058],[86,8389128],[75,2147483657],[65,2312],[56,536887304],[47,524360],[39,526344],[33,8264],[28,4194313],[23,68719476736]]]
[19,[1342177536],520.7,[[173,536871176],[156,6152],[139,2147483720],[123,776],[110,67108874],[97,2058],[86,8389128],[75,2147483657],[65,2312],[56,536887304],[47,524360],[39,526344],[33,8264],[28,4194313],[23,68719476736]]]
[15,[1075839104],539.55,[[173,536871176],[156,6152],[139,2147483720],[123,776],[110,67108874],[97,2058],[86,8389128],[75,2147483657],[65,2312],[56,536887304],[47,524360],[39,526344],[33,8264],[28,4194313],[23,68719476736]]]
[11,[34359738368],0,[[173,536871176],[156,6152],[139,2147483720],[123,776],[110,67108874],[97,2058],[86,8389128],[75,2147483657],[65,2312],[56,536887304],[47,524360],[39,526344],[33,8264],[28,4194313],[23,68719476736]]]
[173,[536871176],267.491,[[172,20971521],[155,285212673],[138,67],[122,131105],[109,1049089],[96,8404993],[85,12582913],[74,133],[64,262209],[55,603979777],[46,553648129],[38,137438953472]]]
[156,[6152],321.861,[[172,20971521],[155,285212673],[138,67],[122,131105],[109,1049089],[96,8404993],[85,12582913],[74,133],[64,262209],[55,603979777],[46,553648129],[38,137438953472]]]
[139,[2147483720],440.823,[[172,20971521],[155,285212673],[138,67],[122,131105],[109,1049089],[96,8404993],[85,12582913],[74,133],[64,262209],[55,603979777],[46,553648129],[38,137438953472]]]
[123,[776],841.752,[[172,20971521],[155,285212673],[138,67],[122,131105],[109,1049089],[96,8404993],[85,12582913],[74,133],[64,262209],[55,603979777],[46,553648129],[38,137438953472]]]
[110,[67108874],83.4315,[[172,20971521],[155,285212673],[138,67],[122,131105],[109,1049089],[96,8404993],[85,12582913],[74,133],[64,262209],[55,603979777],[46,553648129],[38,137438953472]]]
[97,[2058],931.215,[[172,20971521],[155,285212673],[138,67],[122,131105],[109,1049089],[96,8404993],[85,12582913],[74,133],[64,262209],[55,603979777],[46,553648129],[38,137438953472]]]
[86,[8389128],204.771,[[172,20971521],[155,285212673],[138,67],[122,131105],[109,1049089],[96,8404993],[85,12582913],[74,133],[64,262209],[55,603979777],[46,553648129],[38,137438953472]]]
[75,[2147483657],949.464,[[172,20971521],[155,285212673],[138,67],[122,131105],[109,1049089],[96,8404993],[85,12582913],[74,133],[64,262209],[55,603979777],[46,553648129],[38,137438953472]]]
[65,[2312],857.968,[[172,20971521],[155,285212673],[138,67],[122,131105],[109,1049089],[96,8404993],[85,12582913],[74,133],[64,262209],[55,603979777],[46,553648129],[38,137438953472]]]
[56,[536887304],657.902,[[172,20971521],[155,285212673],[138,67],[122,131105],[109,1049089],[96,8404993],[85,12582913],[74,133],[64,262209],[55,603979777],[46,553648129],[38,137438953472]]]
[47,[524360],32.5448,[[172,20971521],[155,285212673],[138,67],[122,131105],[109,1049089],[96,8404993],[85,12582913],[74,133],[64,262209],[55,603979777],[46,553648129],[38,137438953472]]]
[39,[526344],988.959,[[172,20971521],[155,285212673],[138,67],[122,131105],[109,1049089],[96,8404993],[85,12582913],[74,133],[64,262209],[55,603979777],[46,553648129],[38,137438953472]]]
[33,[8264],196.141,[[172,20971521],[155,285212673],[138,67],[122,131105],[109,1049089],[96,8404993],[85,12582913],[74,133],[64,262209],[55,603979777],[46,553648129],[38,137438953472]]]
[28,[4194313],610.563,[[172,20971521],[155,285212673],[138,67],[122,131105],[109,1049089],[96,8404993],[85,12582913],[74,133],[64,262209],[55,603979777],[46,553648129],[38,137438953472]]]
[23,[68719476736],0,[[172,20971521],[155,285212673],[138,67],[122,131105],[109,1049089],[96,8404993],[85,12582913],[74,133],[64,262209],[55,603979777],[46,553648129],[38,137438953472]]]
[172,[20971521],470.998,[[171,9232],[154,6292480],[137,4457472],[121,2214593536],[108,1282],[95,132224],[84,525316],[73,536871938],[63,16778752],[54,4195456],[45,274877906944]]]
[155,[285212673],288.417,[[171,9232],[154,6292480],[137,4457472],[121,2214593536],[108,1282],[95,132224],[84,525316],[73,536871938],[63,16778752],[54,4195456],[45,274877906944]]]
[138,[67],169.383,[[171,9232],[154,6292480],[137,4457472],[121,2214593536],[108,1282],[95,132224],[84,525316],[73,536871938],[63,16778752],[54,4195456],[45,274877906944]]]
[122,[131105],480.993,[[171,9232],[154,6292480],[137,4457472],[121,2214593536],[108,1282],[95,132224],[84,525316],[73,536871938],[63,16778752],[54,4195456],[45,274877906944]]]
[109,[1049089],795.449,[[171,9232],[154,6292480],[137,4457472],[121,2214593536],[108,1282],[95,132224],[84,525316],[73,536871938],[63,16778752],[54,4195456],[45,274877906944]]]
[96,[8404993],817.617,[[171,9232],[154,6292480],[137,4457472],[121,2214593536],[108,1282],[95,132224],[84,525316],[73,536871938],[63,16778752],[54,4195456],[45,274877906944]]]
[85,[12582913],805.687,[[171,9232],[154,6292480],[137,4457472],[121,2214593536],[108,1282],[95,132224],[84,525316],[73,536871938],[63,16778752],[54,4195456],[45,274877906944]]]
[74,[133],968.99,[[171,9232],[154,6292480],[137,4457472],[121,2214593536],[108,1282],[95,132224],[84,525316],[73,536871938],[63,16778752],[54,4195456],[45,274877906944]]]
[64,[262209],669.477,[[171,9232],[154,6292480],[137,4457472],[121,2214593536],[108,1282],[95,132224],[84,525316],[73,536871938],[63,16778752],[54,4195456],[45,274877906944]]]
[55,[603979777],62.1306,[[171,9232],[154,6292480],[137,4457472],[121,2214593536],[108,1282],[95,132224],[84,525316],[73,536871938],[63,16778752],[54,4195456],[45,274877906944]]]
[46,[553648129],671.684,[[171,9232],[154,6292480],[137,4457472],[121,2214593536],[108,1282],[95,132224],[84,525316],[73,536871938],[63,16778752],[54,4195456],[45,274877906944]]]
[38,[137438953472],0,[[171,9232],[154,6292480],[137,4457472],[121,2214593536],[108,1282],[95,132224],[84,525316],[73,536871938],[63,16778752],[54,4195456],[45,274877906944]]]
[171,[9232],170.117,[[170,134230016],[153,134236160],[136,134220032],[120,402661376],[107,138674176],[94,2550136832],[83,134234368],[72,671088768],[62,135266336],[53,201326608],[44,549755813888]]]
[154,[6292480],777.646,[[170,134230016],[153,134236160],[136,134220032],[120,402661376],[107,138674176],[94,2550136832],[83,134234368],[72,671088768],[62,135266336],[53,201326608],[44,549755813888]]]
[137,[4457472],645.128,[[170,134230016],[153,134236160],[136,134220032],[120,402661376],[107,138674176],[94,2550136832],[83,134234368],[72,671088768],[62,135266336],[53,201326608],[44,549755813888]]]
[121,[2214593536],793.437,[[170,134230016],[153,134236160],[136,134220032],[120,402661376],[107,138674176],[94,2550136832],[83,134234368],[72,671088768],[62,135266336],[53,201326608],[44,549755813888]]]
[108,[1282],424.427,[[170,134230016],[153,134236160],[136,134220032],[120,402661376],[107,138674176],[94,2550136832],[83,134234368],[72,671088768],[62,135266336],[53,201326608],[44,549755813888]]]
[95,[132224],84.2459,[[170,134230016],[153,134236160],[136,134220032],[120,402661376],[107,138674176],[94,2550136832],[83,134234368],[72,671088768],[62,135266336],[53,201326608],[44,549755813888]]]
[84,[525316],212.823,[[170,134230016],[153,134236160],[136,134220032],[120,402661376],[107,138674176],[94,2550136832],[83,134234368],[72,671088768],[62,135266336],[53,201326608],[44,549755813888]]]
[73,[536871938],858.287,[[170,134230016],[153,134236160],[136,134220032],[120,402661376],[107,138674176],[94,2550136832],[83,134234368],[72,671088768],[62,135266336],[53,201326608],[44,549755813888]]]
[63,[16778752],318.036,[[170,134230016],[153,134236160],[136,134220032],[120,402661376],[107,138674176],[94,2550136832],[83,134234368],[72,671088768],[62,135266336],[53,201326608],[44,549755813888]]]
[54,[4195456],72.37,[[170,134230016],[153,134236160],[136,134220032],[120,402661376],[107,138674176],[94,2550136832],[83,134234368],[72,671088768],[62,135266336],[53,201326608],[44,549755813888]]]
[45,[274877906944],0,[[170,134230016],[153,134236160],[136,134220032],[120,402661376],[107,138674176],[94,2550136832],[83,134234368],[72,671088768],[62,135266336],[53,201326608],[44,549755813888]]]
[170,[134230016],658.581,[[169,526848],[152,786560],[135,4722688],[119,268959748],[106,2148008064],[93,538443776],[82,526338],[71,268960256],[61,539492352],[52,1099511627776]]]
[153,[134236160],713.873,[[169,526848],[152,786560],[135,4722688],[119,268959748],[106,2148008064],[93,538443776],[82,526338],[71,268960256],[61,539492352],[52,1099511627776]]]
[136,[134220032],245.204,[[169,526848],[152,786560],[135,4722688],[119,268959748],[106,2148008064],[93,538443776],[82,526338],[71,268960256],[61,539492352],[52,1099511627776]]]
[120,[402661376],248.89,[[169,526848],[152,786560],[135,4722688],[119,268959748],[106,2148008064],[93,538443776],[82,526338],[71,268960256],[61,539492352],[52,1099511627776]]]
[107,[138674176],398.163,[[169,526848],[152,786560],[135,4722688],[119,268959748],[106,2148008064],[93,538443776],[82,526338],[71,268960256],[61,539492352],[52,1099511627776]]]
[94,[2550136832],2.7379,[[169,526848],[152,786560],[135,4722688],[119,268959748],[106,2148008064],[93,538443776],[82,526338],[71,268960256],[61,539492352],[52,1099511627776]]]
[83,[134234368],23.5513,[[169,526848],[152,786560],[135,4722688],[119,268959748],[106,2148008064],[93,538443776],[82,526338],[71,268960256],[61,539492352],[52,1099511627776]]]
[72,[671088768],384.568,[[169,526848],[152,786560],[135,4722688],[119,268959748],[106,2148008064],[93,538443776],[82,526338],[71,268960256],[61,539492352],[52,1099511627776]]]
[62,[135266336],423.728,[[169,526848],[152,786560],[135,4722688],[119,268959748],[106,2148008064],[93,538443776],[82,526338],[71,268960256],[61,539492352],[52,1099511627776]]]
[53,[201326608],143.693,[[169,526848],[152,786560],[135,4722688],[119,268959748],[106,2148008064],[93,538443776],[82,526338],[71,268960256],[61,539492352],[52,1099511627776]]]
[44,[549755813888],0,[[169,526848],[152,786560],[135,4722688],[119,268959748],[106,2148008064],[93,538443776],[82,526338],[71,268960256],[61,539492352],[52,1099511627776]]]
[169,[526848],962.447,[[168,71307264],[151,1052704],[134,2147487760],[118,135200],[105,1052800],[92,4198528],[81,17829888],[70,2199023255552]]]
[152,[786560],368.495,[[168,71307264],[151,1052704],[134,2147487760],[118,135200],[105,1052800],[92,4198528],[81,17829888],[70,2199023255552]]]
[135,[4722688],375.148,[[168,71307264],[151,1052704],[134,2147487760],[118,135200],[105,1052800],[92,4198528],[81,17829888],[70,2199023255552]]]
[119,[268959748],970.687,[[168,71307264],[151,1052704],[134,2147487760],[118,135200],[105,1052800],[92,4198528],[81,17829888],[70,2199023255552]]]
[106,[2148008064],210.622,[[168,71307264],[151,1052704],[134,2147487760],[118,135200],[105,1052800],[92,4198528],[81,17829888],[70,2199023255552]]]
[93,[538443776],681.733,[[168,71307264],[151,1052704],[134,2147487760],[118,135200],[105,1052800],[92,4198528],[81,17829888],[70,2199023255552]]]
[82,[526338],329.42,[[168,71307264],[151,1052704],[134,2147487760],[118,135200],[105,1052800],[92,4198528],[81,17829888],[70,2199023255552]]]
[71,[268960256],592.097,[[168,71307264],[151,1052704],[134,2147487760],[118,135200],[105,1052800],[92,4198528],[81,17829888],[70,2199023255552]]]
[61,[539492352],85.406,[[168,71307264],[151,1052704],[134,2147487760],[118,135200],[105,1052800],[92,4198528],[81,17829888],[70,2199023255552]]]
[52,[1099511627776],0,[[168,71307264],[151,1052704],[134,2147487760],[118,135200],[105,1052800],[92,4198528],[81,17829888],[70,2199023255552]]]
[168,[71307264],835.105,[[167,16908320],[150,537018368],[133,133136],[117,16924672],[104,2149711872],[91,805437440],[80,4398046511104]]]
[151,[1052704],809.659,[[167,16908320],[150,537018368],[133,133136],[117,16924672],[104,2149711872],[91,805437440],[80,4398046511104]]]
[134,[2147487760],617.196,[[167,16908320],[150,537018368],[133,133136],[117,16924672],[104,2149711872],[91,805437440],[80,4398046511104]]]
[118,[135200],777.845,[[167,16908320],[150,537018368],[133,133136],[117,16924672],[104,2149711872],[91,805437440],[80,4398046511104]]]
[105,[1052800],367.77,[[167,16908320],[150,537018368],[133,133136],[117,16924672],[104,2149711872],[91,805437440],[80,4398046511104]]]
[92,[4198528],512.402,[[167,16908320],[150,537018368],[133,133136],[117,16924672],[104,2149711872],[91,805437440],[80,4398046511104]]]
[81,[17829888],844.4,[[167,16908320],[150,537018368],[133,133136],[117,16924672],[104,2149711872],[91,805437440],[80,4398046511104]]]
[70,[2199023255552],0,[[167,16908320],[150,537018368],[133,133136],[117,16924672],[104,2149711872],[91,805437440],[80,4398046511104]]]
[167,[16908320],215.552,[[166,16779280],[149,3145744],[132,2147483728],[116,8389136],[103,8796093022208]]]
[150,[537018368],522.876,[[166,16779280],[149,3145744],[132,2147483728],[116,8389136],[103,8796093022208]]]
[133,[133136],113.284,[[166,16779280],[149,3145744],[132,2147483728],[116,8389136],[103,8796093022208]]]
[117,[16924672],635.164,[[166,16779280],[149,3145744],[132,2147483728],[116,8389136],[103,8796093022208]]]
[104,[2149711872],480.002,[[166,16779280],[149,3145744],[132,2147483728],[116,8389136],[103,8796093022208]]]
[91,[805437440],580.497,[[166,16779280],[149,3145744],[132,2147483728],[116,8389136],[103,8796093022208]]]
[80,[4398046511104],0,[[166,16779280],[149,3145744],[132,2147483728],[116,8389136],[103,8796093022208]]]
[166,[16779280],885.057,[[165,335544448],[148,69206272],[131,336592896],[115,83886112],[102,17592186044416]]]
[149,[3145744],878.055,[[165,335544448],[148,69206272],[131,336592896],[115,83886112],[102,17592186044416]]]
[132,[2147483728],916.91,[[165,335544448],[148,69206272],[131,336592896],[115,83886112],[102,17592186044416]]]
[116,[8389136],601.529,[[165,335544448],[148,69206272],[131,336592896],[115,83886112],[102,17592186044416]]]
[103,[8796093022208],0,[[165,335544448],[148,69206272],[131,336592896],[115,83886112],[102,17592186044416]]]
[165,[335544448],553.116,[[164,1056770],[147,16514],[130,35184372088832]]]
[148,[69206272],748.18,[[164,1056770],[147,16514],[130,35184372088832]]]
[131,[336592896],316.3,[[164,1056770],[147,16514],[130,35184372088832]]]
[115,[83886112],527.845,[[164,1056770],[147,16514],[130,35184372088832]]]
[102,[17592186044416],0,[[164,1056770],[147,16514],[130,35184372088832]]]
[164,[1056770],146.004,[[163,17039392],[146,16672],[129,70368744177664]]]
[147,[16514],1.08745,[[163,17039392],[146,16672],[129,70368744177664]]]
[130,[35184372088832],0,[[163,17039392],[146,16672],[129,70368744177664]]]
[163,[17039392],739.056,[[162,806354944],[145,545259524],[128,140737488355328]]]
[146,[16672],498.026,[[162,806354944],[145,545259524],[128,140737488355328]]]
[129,[70368744177664],0,[[162,806354944],[145,545259524],[128,140737488355328]]]
[162,[806354944],793.749,[[161,264256],[144,281474976710656]]]
[145,[545259524],557.312,[[161,264256],[144,281474976710656]]]
[128,[140737488355328],0,[[161,264256],[144,281474976710656]]]
[161,[264256],747.78,[]]
[144,[281474976710656],0,[]]