[0,[132097],629.999,[[14,279040],[15,16402],[16,33570824],[17,18944],[18,8405120],[19,24592],[20,134242304],[21,16793602],[22,68173824],[23,1073758216],[24,8405504],[25,8589934592]]]
[1,[81],727.319,[[14,279040],[15,16402],[16,33570824],[17,18944],[18,8405120],[19,24592],[20,134242304],[21,16793602],[22,68173824],[23,1073758216],[24,8405504],[25,8589934592]]]
[2,[35651585],873.912,[[14,279040],[15,16402],[16,33570824],[17,18944],[18,8405120],[19,24592],[20,134242304],[21,16793602],[22,68173824],[23,1073758216],[24,8405504],[25,8589934592]]]
[3,[8321],655.731,[[14,279040],[15,16402],[16,33570824],[17,18944],[18,8405120],[19,24592],[20,134242304],[21,16793602],[22,68173824],[23,1073758216],[24,8405504],[25,8589934592]]]
[4,[268435459],185.589,[[14,279040],[15,16402],[16,33570824],[17,18944],[18,8405120],[19,24592],[20,134242304],[21,16793602],[22,68173824],[23,1073758216],[24,8405504],[25,8589934592]]]
[5,[65539],379.304,[[14,279040],[15,16402],[16,33570824],[17,18944],[18,8405120],[19,24592],[20,134242304],[21,16793602],[22,68173824],[23,1073758216],[24,8405504],[25,8589934592]]]
[6,[524305],119.223,[[14,279040],[15,16402],[16,33570824],[17,18944],[18,8405120],[19,24592],[20,134242304],[21,16793602],[22,68173824],[23,1073758216],[24,8405504],[25,8589934592]]]
[7,[8388611],782.956,[[14,279040],[15,16402],[16,33570824],[17,18944],[18,8405120],[19,24592],[20,134242304],[21,16793602],[22,68173824],[23,1073758216],[24,8405504],[25,8589934592]]]
[8,[8195],244.903,[[14,279040],[15,16402],[16,33570824],[17,18944],[18,8405120],[19,24592],[20,134242304],[21,16793602],[22,68173824],[23,1073758216],[24,8405504],[25,8589934592]]]
[9,[10241],717.452,[[14,279040],[15,16402],[16,33570824],[17,18944],[18,8405120],[19,24592],[20,134242304],[21,16793602],[22,68173824],[23,1073758216],[24,8405504],[25,8589934592]]]
[10,[131081],901.214,[[14,279040],[15,16402],[16,33570824],[17,18944],[18,8405120],[19,24592],[20,134242304],[21,16793602],[22,68173824],[23,1073758216],[24,8405504],[25,8589934592]]]
[11,[131201],895.021,[[14,279040],[15,16402],[16,33570824],[17,18944],[18,8405120],[19,24592],[20,134242304],[21,16793602],[22,68173824],[23,1073758216],[24,8405504],[25,8589934592]]]
[12,[268435473],383.482,[[14,279040],[15,16402],[16,33570824],[17,18944],[18,8405120],[19,24592],[20,134242304],[21,16793602],[22,68173824],[23,1073758216],[24,8405504],[25,8589934592]]]
[13,[4294967296],0,[[14,279040],[15,16402],[16,33570824],[17,18944],[18,8405120],[19,24592],[20,134242304],[21,16793602],[22,68173824],[23,1073758216],[24,8405504],[25,8589934592]]]
[14,[279040],589.218,[[26,17309696],[27,403177472],[28,4751360],[29,50855936],[30,656384],[31,2148139008],[32,134873088],[33,34078848],[34,622592],[35,17179869184]]]
[15,[16402],90.4183,[[26,17309696],[27,403177472],[28,4751360],[29,50855936],[30,656384],[31,2148139008],[32,134873088],[33,34078848],[34,622592],[35,17179869184]]]
[16,[33570824],731.945,[[26,17309696],[27,403177472],[28,4751360],[29,50855936],[30,656384],[31,2148139008],[32,134873088],[33,34078848],[34,622592],[35,17179869184]]]
[17,[18944],961.799,[[26,17309696],[27,403177472],[28,4751360],[29,50855936],[30,656384],[31,2148139008],[32,134873088],[33,34078848],[34,622592],[35,17179869184]]]
[18,[8405120],185.017,[[26,17309696],[27,403177472],[28,4751360],[29,50855936],[30,656384],[31,2148139008],[32,134873088],[33,34078848],[34,622592],[35,17179869184]]]
[19,[24592],384.681,[[26,17309696],[27,403177472],[28,4751360],[29,50855936],[30,656384],[31,2148139008],[32,134873088],[33,34078848],[34,622592],[35,17179869184]]]
[20,[134242304],983.369,[[26,17309696],[27,403177472],[28,4751360],[29,50855936],[30,656384],[31,2148139008],[32,134873088],[33,34078848],[34,622592],[35,17179869184]]]
[21,[16793602],323.132,[[26,17309696],[27,403177472],[28,4751360],[29,50855936],[30,656384],[31,2148139008],[32,134873088],[33,34078848],[34,622592],[35,17179869184]]]
[22,[68173824],577.808,[[26,17309696],[27,403177472],[28,4751360],[29,50855936],[30,656384],[31,2148139008],[32,134873088],[33,34078848],[34,622592],[35,17179869184]]]
[23,[1073758216],706.349,[[26,17309696],[27,403177472],[28,4751360],[29,50855936],[30,656384],[31,2148139008],[32,134873088],[33,34078848],[34,622592],[35,17179869184]]]
[24,[8405504],536.616,[[26,17309696],[27,403177472],[28,4751360],[29,50855936],[30,656384],[31,2148139008],[32,134873088],[33,34078848],[34,622592],[35,17179869184]]]
[25,[8589934592],0,[[26,17309696],[27,403177472],[28,4751360],[29,50855936],[30,656384],[31,2148139008],[32,134873088],[33,34078848],[34,622592],[35,17179869184]]]
[26,[17309696],286.372,[[36,605028352],[37,67108960],[38,67108932],[39,67142656],[40,2214592640],[41,84017152],[42,75497474],[43,67371016],[44,34359738368]]]
[27,[403177472],573.159,[[36,605028352],[37,67108960],[38,67108932],[39,67142656],[40,2214592640],[41,84017152],[42,75497474],[43,67371016],[44,34359738368]]]
[28,[4751360],698.984,[[36,605028352],[37,67108960],[38,67108932],[39,67142656],[40,2214592640],[41,84017152],[42,75497474],[43,67371016],[44,34359738368]]]
[29,[50855936],182.175,[[36,605028352],[37,67108960],[38,67108932],[39,67142656],[40,2214592640],[41,84017152],[42,75497474],[43,67371016],[44,34359738368]]]
[30,[656384],584.98,[[36,605028352],[37,67108960],[38,67108932],[39,67142656],[40,2214592640],[41,84017152],[42,75497474],[43,67371016],[44,34359738368]]]
[31,[2148139008],991,[[36,605028352],[37,67108960],[38,67108932],[39,67142656],[40,2214592640],[41,84017152],[42,75497474],[43,67371016],[44,34359738368]]]
[32,[134873088],186.483,[[36,605028352],[37,67108960],[38,67108932],[39,67142656],[40,2214592640],[41,84017152],[42,75497474],[43,67371016],[44,34359738368]]]
[33,[34078848],530.159,[[36,605028352],[37,67108960],[38,67108932],[39,67142656],[40,2214592640],[41,84017152],[42,75497474],[43,67371016],[44,34359738368]]]
[34,[622592],530.741,[[36,605028352],[37,67108960],[38,67108932],[39,67142656],[40,2214592640],[41,84017152],[42,75497474],[43,67371016],[44,34359738368]]]
[35,[17179869184],0,[[36,605028352],[37,67108960],[38,67108932],[39,67142656],[40,2214592640],[41,84017152],[42,75497474],[43,67371016],[44,34359738368]]]
[36,[605028352],337.959,[[45,65856],[46,69888],[47,4390912],[48,2162690],[49,33619984],[50,1073807488],[51,65728],[52,68719476736]]]
[37,[67108960],366.404,[[45,65856],[46,69888],[47,4390912],[48,2162690],[49,33619984],[50,1073807488],[51,65728],[52,68719476736]]]
[38,[67108932],337.421,[[45,65856],[46,69888],[47,4390912],[48,2162690],[49,33619984],[50,1073807488],[51,65728],[52,68719476736]]]
[39,[67142656],192.255,[[45,65856],[46,69888],[47,4390912],[48,2162690],[49,33619984],[50,1073807488],[51,65728],[52,68719476736]]]
[40,[2214592640],326.974,[[45,65856],[46,69888],[47,4390912],[48,2162690],[49,33619984],[50,1073807488],[51,65728],[52,68719476736]]]
[41,[84017152],85.4098,[[45,65856],[46,69888],[47,4390912],[48,2162690],[49,33619984],[50,1073807488],[51,65728],[52,68719476736]]]
[42,[75497474],963.032,[[45,65856],[46,69888],[47,4390912],[48,2162690],[49,33619984],[50,1073807488],[51,65728],[52,68719476736]]]
[43,[67371016],139.298,[[45,65856],[46,69888],[47,4390912],[48,2162690],[49,33619984],[50,1073807488],[51,65728],[52,68719476736]]]
[44,[34359738368],0,[[45,65856],[46,69888],[47,4390912],[48,2162690],[49,33619984],[50,1073807488],[51,65728],[52,68719476736]]]
[45,[65856],502.706,[[53,2147516424],[54,2148564992],[55,2147516448],[56,2416181248],[57,2684362752],[58,2149580816],[59,2147746816],[60,137438953472]]]
[46,[69888],620.045,[[53,2147516424],[54,2148564992],[55,2147516448],[56,2416181248],[57,2684362752],[58,2149580816],[59,2147746816],[60,137438953472]]]
[47,[4390912],815.32,[[53,2147516424],[54,2148564992],[55,2147516448],[56,2416181248],[57,2684362752],[58,2149580816],[59,2147746816],[60,137438953472]]]
[48,[2162690],380.09,[[53,2147516424],[54,2148564992],[55,2147516448],[56,2416181248],[57,2684362752],[58,2149580816],[59,2147746816],[60,137438953472]]]
[49,[33619984],170.158,[[53,2147516424],[54,2148564992],[55,2147516448],[56,2416181248],[57,2684362752],[58,2149580816],[59,2147746816],[60,137438953472]]]
[50,[1073807488],310.273,[[53,2147516424],[54,2148564992],[55,2147516448],[56,2416181248],[57,2684362752],[58,2149580816],[59,2147746816],[60,137438953472]]]
[51,[65728],358.995,[[53,2147516424],[54,2148564992],[55,2147516448],[56,2416181248],[57,2684362752],[58,2149580816],[59,2147746816],[60,137438953472]]]
[52,[68719476736],0,[[53,2147516424],[54,2148564992],[55,2147516448],[56,2416181248],[57,2684362752],[58,2149580816],[59,2147746816],[60,137438953472]]]
[53,[2147516424],648.256,[[61,570425856],[62,1073744384],[63,1073742340],[64,1057280],[65,16777732],[66,274877906944]]]
[54,[2148564992],3.94914,[[61,570425856],[62,1073744384],[63,1073742340],[64,1057280],[65,16777732],[66,274877906944]]]
[55,[2147516448],440.548,[[61,570425856],[62,1073744384],[63,1073742340],[64,1057280],[65,16777732],[66,274877906944]]]
[56,[2416181248],157.017,[[61,570425856],[62,1073744384],[63,1073742340],[64,1057280],[65,16777732],[66,274877906944]]]
[57,[2684362752],566.366,[[61,570425856],[62,1073744384],[63,1073742340],[64,1057280],[65,16777732],[66,274877906944]]]
[58,[2149580816],419.035,[[61,570425856],[62,1073744384],[63,1073742340],[64,1057280],[65,16777732],[66,274877906944]]]
[59,[2147746816],725.682,[[61,570425856],[62,1073744384],[63,1073742340],[64,1057280],[65,16777732],[66,274877906944]]]
[60,[137438953472],0,[[61,570425856],[62,1073744384],[63,1073742340],[64,1057280],[65,16777732],[66,274877906944]]]
[61,[570425856],338.523,[[67,2097410],[68,1073750018],[69,135266306],[70,1073742082],[71,549755813888]]]
[62,[1073744384],938.065,[[67,2097410],[68,1073750018],[69,135266306],[70,1073742082],[71,549755813888]]]
[63,[1073742340],891.512,[[67,2097410],[68,1073750018],[69,135266306],[70,1073742082],[71,549755813888]]]
[64,[1057280],399.827,[[67,2097410],[68,1073750018],[69,135266306],[70,1073742082],[71,549755813888]]]
[65,[16777732],501.162,[[67,2097410],[68,1073750018],[69,135266306],[70,1073742082],[71,549755813888]]]
[66,[274877906944],0,[[67,2097410],[68,1073750018],[69,135266306],[70,1073742082],[71,549755813888]]]
[67,[2097410],669.221,[[72,12304],[73,1048624],[74,270532624],[75,5136],[76,1099511627776]]]
[68,[1073750018],201.328,[[72,12304],[73,1048624],[74,270532624],[75,5136],[76,1099511627776]]]
[69,[135266306],273.243,[[72,12304],[73,1048624],[74,270532624],[75,5136],[76,1099511627776]]]
[70,[1073742082],127.095,[[72,12304],[73,1048624],[74,270532624],[75,5136],[76,1099511627776]]]
[71,[549755813888],0,[[72,12304],[73,1048624],[74,270532624],[75,5136],[76,1099511627776]]]
[72,[12304],849.978,[[77,167772168],[78,8388620],[79,268435528],[80,2199023255552]]]
[73,[1048624],373.268,[[77,167772168],[78,8388620],[79,268435528],[80,2199023255552]]]
[74,[270532624],353.744,[[77,167772168],[78,8388620],[79,268435528],[80,2199023255552]]]
[75,[5136],979.431,[[77,167772168],[78,8388620],[79,268435528],[80,2199023255552]]]
[76,[1099511627776],0,[[77,167772168],[78,8388620],[79,268435528],[80,2199023255552]]]
[77,[167772168],683.691,[[81,268436544],[82,8393728],[83,16778272],[84,4398046511104]]]
[78,[8388620],413.835,[[81,268436544],[82,8393728],[83,16778272],[84,4398046511104]]]
[79,[268435528],200.081,[[81,268436544],[82,8393728],[83,16778272],[84,4398046511104]]]
[80,[2199023255552],0,[[81,268436544],[82,8393728],[83,16778272],[84,4398046511104]]]
[81,[268436544],189.027,[[85,135266560],[86,2097412],[87,8796093022208]]]
[82,[8393728],427.63,[[85,135266560],[86,2097412],[87,8796093022208]]]
[83,[16778272],551.201,[[85,135266560],[86,2097412],[87,8796093022208]]]
[84,[4398046511104],0,[[85,135266560],[86,2097412],[87,8796093022208]]]
[85,[135266560],901.004,[[88,270464],[89,17592186044416]]]
[86,[2097412],545.064,[[88,270464],[89,17592186044416]]]
[87,[8796093022208],0,[[88,270464],[89,17592186044416]]]
[88,[270464],755.096,[[90,805308416],[91,35184372088832]]]
[89,[17592186044416],0,[[90,805308416],[91,35184372088832]]]
[90,[805308416],314.889,[[92,5275648],[93,70368744177664]]]
[91,[35184372088832],0,[[92,5275648],[93,70368744177664]]]
[92,[5275648],130.838,[[94,1092616192],[95,140737488355328]]]
[93,[70368744177664],0,[[94,1092616192],[95,140737488355328]]]
[94,[1092616192],378.992,[]]
[95,[140737488355328],0,[]]