[[132097],629.999,[[279040],[16402],[33570824],[18944],[8405120],[24592],[134242304],[16793602],[68173824],[1073758216],[8405504],[8589934592]]]
[[81],727.319,[[279040],[16402],[33570824],[18944],[8405120],[24592],[134242304],[16793602],[68173824],[1073758216],[8405504],[8589934592]]]
[[35651585],873.912,[[279040],[16402],[33570824],[18944],[8405120],[24592],[134242304],[16793602],[68173824],[1073758216],[8405504],[8589934592]]]
[[8321],655.731,[[279040],[16402],[33570824],[18944],[8405120],[24592],[134242304],[16793602],[68173824],[1073758216],[8405504],[8589934592]]]
[[268435459],185.589,[[279040],[16402],[33570824],[18944],[8405120],[24592],[134242304],[16793602],[68173824],[1073758216],[8405504],[8589934592]]]
[[65539],379.304,[[279040],[16402],[33570824],[18944],[8405120],[24592],[134242304],[16793602],[68173824],[1073758216],[8405504],[8589934592]]]
[[524305],119.223,[[279040],[16402],[33570824],[18944],[8405120],[24592],[134242304],[16793602],[68173824],[1073758216],[8405504],[8589934592]]]
[[8388611],782.956,[[279040],[16402],[33570824],[18944],[8405120],[24592],[134242304],[16793602],[68173824],[1073758216],[8405504],[8589934592]]]
[[8195],244.903,[[279040],[16402],[33570824],[18944],[8405120],[24592],[134242304],[16793602],[68173824],[1073758216],[8405504],[8589934592]]]
[[10241],717.452,[[279040],[16402],[33570824],[18944],[8405120],[24592],[134242304],[16793602],[68173824],[1073758216],[8405504],[8589934592]]]
[[131081],901.214,[[279040],[16402],[33570824],[18944],[8405120],[24592],[134242304],[16793602],[68173824],[1073758216],[8405504],[8589934592]]]
[[131201],895.021,[[279040],[16402],[33570824],[18944],[8405120],[24592],[134242304],[16793602],[68173824],[1073758216],[8405504],[8589934592]]]
[[268435473],383.482,[[279040],[16402],[33570824],[18944],[8405120],[24592],[134242304],[16793602],[68173824],[1073758216],[8405504],[8589934592]]]
[[4294967296],0,[[279040],[16402],[33570824],[18944],[8405120],[24592],[134242304],[16793602],[68173824],[1073758216],[8405504],[8589934592]]]
[[279040],589.218,[[17309696],[403177472],[4751360],[50855936],[656384],[2148139008],[134873088],[34078848],[622592],[17179869184]]]
[[16402],90.4183,[[17309696],[403177472],[4751360],[50855936],[656384],[2148139008],[134873088],[34078848],[622592],[17179869184]]]
[[33570824],731.945,[[17309696],[403177472],[4751360],[50855936],[656384],[2148139008],[134873088],[34078848],[622592],[17179869184]]]
[[18944],961.799,[[17309696],[403177472],[4751360],[50855936],[656384],[2148139008],[134873088],[34078848],[622592],[17179869184]]]
[[8405120],185.017,[[17309696],[403177472],[4751360],[50855936],[656384],[2148139008],[134873088],[34078848],[622592],[17179869184]]]
[[24592],384.681,[[17309696],[403177472],[4751360],[50855936],[656384],[2148139008],[134873088],[34078848],[622592],[17179869184]]]
[[134242304],983.369,[[17309696],[403177472],[4751360],[50855936],[656384],[2148139008],[134873088],[34078848],[622592],[17179869184]]]
[[16793602],323.132,[[17309696],[403177472],[4751360],[50855936],[656384],[2148139008],[134873088],[34078848],[622592],[17179869184]]]
[[68173824],577.808,[[17309696],[403177472],[4751360],[50855936],[656384],[2148139008],[134873088],[34078848],[622592],[17179869184]]]
[[1073758216],706.349,[[17309696],[403177472],[4751360],[50855936],[656384],[2148139008],[134873088],[34078848],[622592],[17179869184]]]
[[8405504],536.616,[[17309696],[403177472],[4751360],[50855936],[656384],[2148139008],[134873088],[34078848],[622592],[17179869184]]]
[[8589934592],0,[[17309696],[403177472],[4751360],[50855936],[656384],[2148139008],[134873088],[34078848],[622592],[17179869184]]]
[[17309696],286.372,[[605028352],[67108960],[67108932],[67142656],[2214592640],[84017152],[75497474],[67371016],[34359738368]]]
[[403177472],573.159,[[605028352],[67108960],[67108932],[67142656],[2214592640],[84017152],[75497474],[67371016],[34359738368]]]
[[4751360],698.984,[[605028352],[67108960],[67108932],[67142656],[2214592640],[84017152],[75497474],[67371016],[34359738368]]]
[[50855936],182.175,[[605028352],[67108960],[67108932],[67142656],[2214592640],[84017152],[75497474],[67371016],[34359738368]]]
[[656384],584.98,[[605028352],[67108960],[67108932],[67142656],[2214592640],[84017152],[75497474],[67371016],[34359738368]]]
[[2148139008],991,[[605028352],[67108960],[67108932],[67142656],[2214592640],[84017152],[75497474],[67371016],[34359738368]]]
[[134873088],186.483,[[605028352],[67108960],[67108932],[67142656],[2214592640],[84017152],[75497474],[67371016],[34359738368]]]
[[34078848],530.159,[[605028352],[67108960],[67108932],[67142656],[2214592640],[84017152],[75497474],[67371016],[34359738368]]]
[[622592],530.741,[[605028352],[67108960],[67108932],[67142656],[2214592640],[84017152],[75497474],[67371016],[34359738368]]]
[[17179869184],0,[[605028352],[67108960],[67108932],[67142656],[2214592640],[84017152],[75497474],[67371016],[34359738368]]]
[[605028352],337.959,[[65856],[69888],[4390912],[2162690],[33619984],[1073807488],[65728],[68719476736]]]
[[67108960],366.404,[[65856],[69888],[4390912],[2162690],[33619984],[1073807488],[65728],[68719476736]]]
[[67108932],337.421,[[65856],[69888],[4390912],[2162690],[33619984],[1073807488],[65728],[68719476736]]]
[[67142656],192.255,[[65856],[69888],[4390912],[2162690],[33619984],[1073807488],[65728],[68719476736]]]
[[2214592640],326.974,[[65856],[69888],[4390912],[2162690],[33619984],[1073807488],[65728],[68719476736]]]
[[84017152],85.4098,[[65856],[69888],[4390912],[2162690],[33619984],[1073807488],[65728],[68719476736]]]
[[75497474],963.032,[[65856],[69888],[4390912],[2162690],[33619984],[1073807488],[65728],[68719476736]]]
[[67371016],139.298,[[65856],[69888],[4390912],[2162690],[33619984],[1073807488],[65728],[68719476736]]]
[[34359738368],0,[[65856],[69888],[4390912],[2162690],[33619984],[1073807488],[65728],[68719476736]]]
[[65856],502.706,[[2147516424],[2148564992],[2147516448],[2416181248],[2684362752],[2149580816],[2147746816],[137438953472]]]
[[69888],620.045,[[2147516424],[2148564992],[2147516448],[2416181248],[2684362752],[2149580816],[2147746816],[137438953472]]]
[[4390912],815.32,[[2147516424],[2148564992],[2147516448],[2416181248],[2684362752],[2149580816],[2147746816],[137438953472]]]
[[2162690],380.09,[[2147516424],[2148564992],[2147516448],[2416181248],[2684362752],[2149580816],[2147746816],[137438953472]]]
[[33619984],170.158,[[2147516424],[2148564992],[2147516448],[2416181248],[2684362752],[2149580816],[2147746816],[137438953472]]]
[[1073807488],310.273,[[2147516424],[2148564992],[2147516448],[2416181248],[2684362752],[2149580816],[2147746816],[137438953472]]]
[[65728],358.995,[[2147516424],[2148564992],[2147516448],[2416181248],[2684362752],[2149580816],[2147746816],[137438953472]]]
[[68719476736],0,[[2147516424],[2148564992],[2147516448],[2416181248],[2684362752],[2149580816],[2147746816],[137438953472]]]
[[2147516424],648.256,[[570425856],[1073744384],[1073742340],[1057280],[16777732],[274877906944]]]
[[2148564992],3.94914,[[570425856],[1073744384],[1073742340],[1057280],[16777732],[274877906944]]]
[[2147516448],440.548,[[570425856],[1073744384],[1073742340],[1057280],[16777732],[274877906944]]]
[[2416181248],157.017,[[570425856],[1073744384],[1073742340],[1057280],[16777732],[274877906944]]]
[[2684362752],566.366,[[570425856],[1073744384],[1073742340],[1057280],[16777732],[274877906944]]]
[[2149580816],419.035,[[570425856],[1073744384],[1073742340],[1057280],[16777732],[274877906944]]]
[[2147746816],725.682,[[570425856],[1073744384],[1073742340],[1057280],[16777732],[274877906944]]]
[[137438953472],0,[[570425856],[1073744384],[1073742340],[1057280],[16777732],[274877906944]]]
[[570425856],338.523,[[2097410],[1073750018],[135266306],[1073742082],[549755813888]]]
[[1073744384],938.065,[[2097410],[1073750018],[135266306],[1073742082],[549755813888]]]
[[1073742340],891.512,[[2097410],[1073750018],[135266306],[1073742082],[549755813888]]]
[[1057280],399.827,[[2097410],[1073750018],[135266306],[1073742082],[549755813888]]]
[[16777732],501.162,[[2097410],[1073750018],[135266306],[1073742082],[549755813888]]]
[[274877906944],0,[[2097410],[1073750018],[135266306],[1073742082],[549755813888]]]
[[2097410],669.221,[[12304],[1048624],[270532624],[5136],[1099511627776]]]
[[1073750018],201.328,[[12304],[1048624],[270532624],[5136],[1099511627776]]]
[[135266306],273.243,[[12304],[1048624],[270532624],[5136],[1099511627776]]]
[[1073742082],127.095,[[12304],[1048624],[270532624],[5136],[1099511627776]]]
[[549755813888],0,[[12304],[1048624],[270532624],[5136],[1099511627776]]]
[[12304],849.978,[[167772168],[8388620],[268435528],[2199023255552]]]
[[1048624],373.268,[[167772168],[8388620],[268435528],[2199023255552]]]
[[270532624],353.744,[[167772168],[8388620],[268435528],[2199023255552]]]
[[5136],979.431,[[167772168],[8388620],[268435528],[2199023255552]]]
[[1099511627776],0,[[167772168],[8388620],[268435528],[2199023255552]]]
[[167772168],683.691,[[268436544],[8393728],[16778272],[4398046511104]]]
[[8388620],413.835,[[268436544],[8393728],[16778272],[4398046511104]]]
[[268435528],200.081,[[268436544],[8393728],[16778272],[4398046511104]]]
[[2199023255552],0,[[268436544],[8393728],[16778272],[4398046511104]]]
[[268436544],189.027,[[135266560],[2097412],[8796093022208]]]
[[8393728],427.63,[[135266560],[2097412],[8796093022208]]]
[[16778272],551.201,[[135266560],[2097412],[8796093022208]]]
[[4398046511104],0,[[135266560],[2097412],[8796093022208]]]
[[135266560],901.004,[[270464],[17592186044416]]]
[[2097412],545.064,[[270464],[17592186044416]]]
[[8796093022208],0,[[270464],[17592186044416]]]
[[270464],755.096,[[805308416],[35184372088832]]]
[[17592186044416],0,[[805308416],[35184372088832]]]
[[805308416],314.889,[[5275648],[70368744177664]]]
[[35184372088832],0,[[5275648],[70368744177664]]]
[[5275648],130.838,[[1092616192],[140737488355328]]]
[[70368744177664],0,[[1092616192],[140737488355328]]]
[[1092616192],378.992,[]]
[[140737488355328],0,[]]