[96,[132097],629.999,[[95,279040],[79,16402],[63,33570824],[51,18944],[40,8405120],[31,24592],[24,134242304],[18,16793602],[12,68173824],[8,1073758216],[5,8405504],[3,8589934592]]]
[80,[81],727.319,[[95,279040],[79,16402],[63,33570824],[51,18944],[40,8405120],[31,24592],[24,134242304],[18,16793602],[12,68173824],[8,1073758216],[5,8405504],[3,8589934592]]]
[64,[35651585],873.912,[[95,279040],[79,16402],[63,33570824],[51,18944],[40,8405120],[31,24592],[24,134242304],[18,16793602],[12,68173824],[8,1073758216],[5,8405504],[3,8589934592]]]
[52,[8321],655.731,[[95,279040],[79,16402],[63,33570824],[51,18944],[40,8405120],[31,24592],[24,134242304],[18,16793602],[12,68173824],[8,1073758216],[5,8405504],[3,8589934592]]]
[41,[268435459],185.589,[[95,279040],[79,16402],[63,33570824],[51,18944],[40,8405120],[31,24592],[24,134242304],[18,16793602],[12,68173824],[8,1073758216],[5,8405504],[3,8589934592]]]
[32,[65539],379.304,[[95,279040],[79,16402],[63,33570824],[51,18944],[40,8405120],[31,24592],[24,134242304],[18,16793602],[12,68173824],[8,1073758216],[5,8405504],[3,8589934592]]]
[25,[524305],119.223,[[95,279040],[79,16402],[63,33570824],[51,18944],[40,8405120],[31,24592],[24,134242304],[18,16793602],[12,68173824],[8,1073758216],[5,8405504],[3,8589934592]]]
[19,[8388611],782.956,[[95,279040],[79,16402],[63,33570824],[51,18944],[40,8405120],[31,24592],[24,134242304],[18,16793602],[12,68173824],[8,1073758216],[5,8405504],[3,8589934592]]]
[13,[8195],244.903,[[95,279040],[79,16402],[63,33570824],[51,18944],[40,8405120],[31,24592],[24,134242304],[18,16793602],[12,68173824],[8,1073758216],[5,8405504],[3,8589934592]]]
[9,[10241],717.452,[[95,279040],[79,16402],[63,33570824],[51,18944],[40,8405120],[31,24592],[24,134242304],[18,16793602],[12,68173824],[8,1073758216],[5,8405504],[3,8589934592]]]
[6,[131081],901.214,[[95,279040],[79,16402],[63,33570824],[51,18944],[40,8405120],[31,24592],[24,134242304],[18,16793602],[12,68173824],[8,1073758216],[5,8405504],[3,8589934592]]]
[4,[131201],895.021,[[95,279040],[79,16402],[63,33570824],[51,18944],[40,8405120],[31,24592],[24,134242304],[18,16793602],[12,68173824],[8,1073758216],[5,8405504],[3,8589934592]]]
[2,[268435473],383.482,[[95,279040],[79,16402],[63,33570824],[51,18944],[40,8405120],[31,24592],[24,134242304],[18,16793602],[12,68173824],[8,1073758216],[5,8405504],[3,8589934592]]]
[1,[4294967296],0,[[95,279040],[79,16402],[63,33570824],[51,18944],[40,8405120],[31,24592],[24,134242304],[18,16793602],[12,68173824],[8,1073758216],[5,8405504],[3,8589934592]]]
[95,[279040],589.218,[[94,17309696],[78,403177472],[62,4751360],[50,50855936],[39,656384],[30,2148139008],[23,134873088],[17,34078848],[11,622592],[7,17179869184]]]
[79,[16402],90.4183,[[94,17309696],[78,403177472],[62,4751360],[50,50855936],[39,656384],[30,2148139008],[23,134873088],[17,34078848],[11,622592],[7,17179869184]]]
[63,[33570824],731.945,[[94,17309696],[78,403177472],[62,4751360],[50,50855936],[39,656384],[30,2148139008],[23,134873088],[17,34078848],[11,622592],[7,17179869184]]]
[51,[18944],961.799,[[94,17309696],[78,403177472],[62,4751360],[50,50855936],[39,656384],[30,2148139008],[23,134873088],[17,34078848],[11,622592],[7,17179869184]]]
[40,[8405120],185.017,[[94,17309696],[78,403177472],[62,4751360],[50,50855936],[39,656384],[30,2148139008],[23,134873088],[17,34078848],[11,622592],[7,17179869184]]]
[31,[24592],384.681,[[94,17309696],[78,403177472],[62,4751360],[50,50855936],[39,656384],[30,2148139008],[23,134873088],[17,34078848],[11,622592],[7,17179869184]]]
[24,[134242304],983.369,[[94,17309696],[78,403177472],[62,4751360],[50,50855936],[39,656384],[30,2148139008],[23,134873088],[17,34078848],[11,622592],[7,17179869184]]]
[18,[16793602],323.132,[[94,17309696],[78,403177472],[62,4751360],[50,50855936],[39,656384],[30,2148139008],[23,134873088],[17,34078848],[11,622592],[7,17179869184]]]
[12,[68173824],577.808,[[94,17309696],[78,403177472],[62,4751360],[50,50855936],[39,656384],[30,2148139008],[23,134873088],[17,34078848],[11,622592],[7,17179869184]]]
[8,[1073758216],706.349,[[94,17309696],[78,403177472],[62,4751360],[50,50855936],[39,656384],[30,2148139008],[23,134873088],[17,34078848],[11,622592],[7,17179869184]]]
[5,[8405504],536.616,[[94,17309696],[78,403177472],[62,4751360],[50,50855936],[39,656384],[30,2148139008],[23,134873088],[17,34078848],[11,622592],[7,17179869184]]]
[3,[8589934592],0,[[94,17309696],[78,403177472],[62,4751360],[50,50855936],[39,656384],[30,2148139008],[23,134873088],[17,34078848],[11,622592],[7,17179869184]]]
[94,[17309696],286.372,[[93,605028352],[77,67108960],[61,67108932],[49,67142656],[38,2214592640],[29,84017152],[22,75497474],[16,67371016],[10,34359738368]]]
[78,[403177472],573.159,[[93,605028352],[77,67108960],[61,67108932],[49,67142656],[38,2214592640],[29,84017152],[22,75497474],[16,67371016],[10,34359738368]]]
[62,[4751360],698.984,[[93,605028352],[77,67108960],[61,67108932],[49,67142656],[38,2214592640],[29,84017152],[22,75497474],[16,67371016],[10,34359738368]]]
[50,[50855936],182.175,[[93,605028352],[77,67108960],[61,67108932],[49,67142656],[38,2214592640],[29,84017152],[22,75497474],[16,67371016],[10,34359738368]]]
[39,[656384],584.98,[[93,605028352],[77,67108960],[61,67108932],[49,67142656],[38,2214592640],[29,84017152],[22,75497474],[16,67371016],[10,34359738368]]]
[30,[2148139008],991,[[93,605028352],[77,67108960],[61,67108932],[49,67142656],[38,2214592640],[29,84017152],[22,75497474],[16,67371016],[10,34359738368]]]
[23,[134873088],186.483,[[93,605028352],[77,67108960],[61,67108932],[49,67142656],[38,2214592640],[29,84017152],[22,75497474],[16,67371016],[10,34359738368]]]
[17,[34078848],530.159,[[93,605028352],[77,67108960],[61,67108932],[49,67142656],[38,2214592640],[29,84017152],[22,75497474],[16,67371016],[10,34359738368]]]
[11,[622592],530.741,[[93,605028352],[77,67108960],[61,67108932],[49,67142656],[38,2214592640],[29,84017152],[22,75497474],[16,67371016],[10,34359738368]]]
[7,[17179869184],0,[[93,605028352],[77,67108960],[61,67108932],[49,67142656],[38,2214592640],[29,84017152],[22,75497474],[16,67371016],[10,34359738368]]]
[93,[605028352],337.959,[[92,65856],[76,69888],[60,4390912],[48,2162690],[37,33619984],[28,1073807488],[21,65728],[15,68719476736]]]
[77,[67108960],366.404,[[92,65856],[76,69888],[60,4390912],[48,2162690],[37,33619984],[28,1073807488],[21,65728],[15,68719476736]]]
[61,[67108932],337.421,[[92,65856],[76,69888],[60,4390912],[48,2162690],[37,33619984],[28,1073807488],[21,65728],[15,68719476736]]]
[49,[67142656],192.255,[[92,65856],[76,69888],[60,4390912],[48,2162690],[37,33619984],[28,1073807488],[21,65728],[15,68719476736]]]
[38,[2214592640],326.974,[[92,65856],[76,69888],[60,4390912],[48,2162690],[37,33619984],[28,1073807488],[21,65728],[15,68719476736]]]
[29,[84017152],85.4098,[[92,65856],[76,69888],[60,4390912],[48,2162690],[37,33619984],[28,1073807488],[21,65728],[15,68719476736]]]
[22,[75497474],963.032,[[92,65856],[76,69888],[60,4390912],[48,2162690],[37,33619984],[28,1073807488],[21,65728],[15,68719476736]]]
[16,[67371016],139.298,[[92,65856],[76,69888],[60,4390912],[48,2162690],[37,33619984],[28,1073807488],[21,65728],[15,68719476736]]]
[10,[34359738368],0,[[92,65856],[76,69888],[60,4390912],[48,2162690],[37,33619984],[28,1073807488],[21,65728],[15,68719476736]]]
[92,[65856],502.706,[[91,2147516424],[75,2148564992],[59,2147516448],[47,2416181248],[36,2684362752],[27,2149580816],[20,2147746816],[14,137438953472]]]
[76,[69888],620.045,[[91,2147516424],[75,2148564992],[59,2147516448],[47,2416181248],[36,2684362752],[27,2149580816],[20,2147746816],[14,137438953472]]]
[60,[4390912],815.32,[[91,2147516424],[75,2148564992],[59,2147516448],[47,2416181248],[36,2684362752],[27,2149580816],[20,2147746816],[14,137438953472]]]
[48,[2162690],380.09,[[91,2147516424],[75,2148564992],[59,2147516448],[47,2416181248],[36,2684362752],[27,2149580816],[20,2147746816],[14,137438953472]]]
[37,[33619984],170.158,[[91,2147516424],[75,2148564992],[59,2147516448],[47,2416181248],[36,2684362752],[27,2149580816],[20,2147746816],[14,137438953472]]]
[28,[1073807488],310.273,[[91,2147516424],[75,2148564992],[59,2147516448],[47,2416181248],[36,2684362752],[27,2149580816],[20,2147746816],[14,137438953472]]]
[21,[65728],358.995,[[91,2147516424],[75,2148564992],[59,2147516448],[47,2416181248],[36,2684362752],[27,2149580816],[20,2147746816],[14,137438953472]]]
[15,[68719476736],0,[[91,2147516424],[75,2148564992],[59,2147516448],[47,2416181248],[36,2684362752],[27,2149580816],[20,2147746816],[14,137438953472]]]
[91,[2147516424],648.256,[[90,570425856],[74,1073744384],[58,1073742340],[46,1057280],[35,16777732],[26,274877906944]]]
[75,[2148564992],3.94914,[[90,570425856],[74,1073744384],[58,1073742340],[46,1057280],[35,16777732],[26,274877906944]]]
[59,[2147516448],440.548,[[90,570425856],[74,1073744384],[58,1073742340],[46,1057280],[35,16777732],[26,274877906944]]]
[47,[2416181248],157.017,[[90,570425856],[74,1073744384],[58,1073742340],[46,1057280],[35,16777732],[26,274877906944]]]
[36,[2684362752],566.366,[[90,570425856],[74,1073744384],[58,1073742340],[46,1057280],[35,16777732],[26,274877906944]]]
[27,[2149580816],419.035,[[90,570425856],[74,1073744384],[58,1073742340],[46,1057280],[35,16777732],[26,274877906944]]]
[20,[2147746816],725.682,[[90,570425856],[74,1073744384],[58,1073742340],[46,1057280],[35,16777732],[26,274877906944]]]
[14,[137438953472],0,[[90,570425856],[74,1073744384],[58,1073742340],[46,1057280],[35,16777732],[26,274877906944]]]
[90,[570425856],338.523,[[89,2097410],[73,1073750018],[57,135266306],[45,1073742082],[34,549755813888]]]
[74,[1073744384],938.065,[[89,2097410],[73,1073750018],[57,135266306],[45,1073742082],[34,549755813888]]]
[58,[1073742340],891.512,[[89,2097410],[73,1073750018],[57,135266306],[45,1073742082],[34,549755813888]]]
[46,[1057280],399.827,[[89,2097410],[73,1073750018],[57,135266306],[45,1073742082],[34,549755813888]]]
[35,[16777732],501.162,[[89,2097410],[73,1073750018],[57,135266306],[45,1073742082],[34,549755813888]]]
[26,[274877906944],0,[[89,2097410],[73,1073750018],[57,135266306],[45,1073742082],[34,549755813888]]]
[89,[2097410],669.221,[[88,12304],[72,1048624],[56,270532624],[44,5136],[33,1099511627776]]]
[73,[1073750018],201.328,[[88,12304],[72,1048624],[56,270532624],[44,5136],[33,1099511627776]]]
[57,[135266306],273.243,[[88,12304],[72,1048624],[56,270532624],[44,5136],[33,1099511627776]]]
[45,[1073742082],127.095,[[88,12304],[72,1048624],[56,270532624],[44,5136],[33,1099511627776]]]
[34,[549755813888],0,[[88,12304],[72,1048624],[56,270532624],[44,5136],[33,1099511627776]]]
[88,[12304],849.978,[[87,167772168],[71,8388620],[55,268435528],[43,2199023255552]]]
[72,[1048624],373.268,[[87,167772168],[71,8388620],[55,268435528],[43,2199023255552]]]
[56,[270532624],353.744,[[87,167772168],[71,8388620],[55,268435528],[43,2199023255552]]]
[44,[5136],979.431,[[87,167772168],[71,8388620],[55,268435528],[43,2199023255552]]]
[33,[1099511627776],0,[[87,167772168],[71,8388620],[55,268435528],[43,2199023255552]]]
[87,[167772168],683.691,[[86,268436544],[70,8393728],[54,16778272],[42,4398046511104]]]
[71,[8388620],413.835,[[86,268436544],[70,8393728],[54,16778272],[42,4398046511104]]]
[55,[268435528],200.081,[[86,268436544],[70,8393728],[54,16778272],[42,4398046511104]]]
[43,[2199023255552],0,[[86,268436544],[70,8393728],[54,16778272],[42,4398046511104]]]
[86,[268436544],189.027,[[85,135266560],[69,2097412],[53,8796093022208]]]
[70,[8393728],427.63,[[85,135266560],[69,2097412],[53,8796093022208]]]
[54,[16778272],551.201,[[85,135266560],[69,2097412],[53,8796093022208]]]
[42,[4398046511104],0,[[85,135266560],[69,2097412],[53,8796093022208]]]
[85,[135266560],901.004,[[84,270464],[68,17592186044416]]]
[69,[2097412],545.064,[[84,270464],[68,17592186044416]]]
[53,[8796093022208],0,[[84,270464],[68,17592186044416]]]
[84,[270464],755.096,[[83,805308416],[67,35184372088832]]]
[68,[17592186044416],0,[[83,805308416],[67,35184372088832]]]
[83,[805308416],314.889,[[82,5275648],[66,70368744177664]]]
[67,[35184372088832],0,[[82,5275648],[66,70368744177664]]]
[82,[5275648],130.838,[[81,1092616192],[65,140737488355328]]]
[66,[70368744177664],0,[[81,1092616192],[65,140737488355328]]]
[81,[1092616192],378.992,[]]
[65,[140737488355328],0,[]]