[134,[2101250],693.781,[[133,135004160],[119,671092736],[105,168034304],[91,2281701888],[79,134217888],[68,150994946],[58,167773184],[50,135282688],[42,3355443200],[35,134221828],[29,201327104],[24,138412034],[19,138412036],[15,142606592],[11,134545408],[8,135266816],[6,134283296],[4,8589934592]]]
[120,[2101264],502.851,[[133,135004160],[119,671092736],[105,168034304],[91,2281701888],[79,134217888],[68,150994946],[58,167773184],[50,135282688],[42,3355443200],[35,134221828],[29,201327104],[24,138412034],[19,138412036],[15,142606592],[11,134545408],[8,135266816],[6,134283296],[4,8589934592]]]
[106,[538968065],39.7462,[[133,135004160],[119,671092736],[105,168034304],[91,2281701888],[79,134217888],[68,150994946],[58,167773184],[50,135282688],[42,3355443200],[35,134221828],[29,201327104],[24,138412034],[19,138412036],[15,142606592],[11,134545408],[8,135266816],[6,134283296],[4,8589934592]]]
[92,[1142947840],48.8196,[[133,135004160],[119,671092736],[105,168034304],[91,2281701888],[79,134217888],[68,150994946],[58,167773184],[50,135282688],[42,3355443200],[35,134221828],[29,201327104],[24,138412034],[19,138412036],[15,142606592],[11,134545408],[8,135266816],[6,134283296],[4,8589934592]]]
[80,[270540800],139.991,[[133,135004160],[119,671092736],[105,168034304],[91,2281701888],[79,134217888],[68,150994946],[58,167773184],[50,135282688],[42,3355443200],[35,134221828],[29,201327104],[24,138412034],[19,138412036],[15,142606592],[11,134545408],[8,135266816],[6,134283296],[4,8589934592]]]
[69,[2150629376],102.291,[[133,135004160],[119,671092736],[105,168034304],[91,2281701888],[79,134217888],[68,150994946],[58,167773184],[50,135282688],[42,3355443200],[35,134221828],[29,201327104],[24,138412034],[19,138412036],[15,142606592],[11,134545408],[8,135266816],[6,134283296],[4,8589934592]]]
[59,[2113540],868.672,[[133,135004160],[119,671092736],[105,168034304],[91,2281701888],[79,134217888],[68,150994946],[58,167773184],[50,135282688],[42,3355443200],[35,134221828],[29,201327104],[24,138412034],[19,138412036],[15,142606592],[11,134545408],[8,135266816],[6,134283296],[4,8589934592]]]
[51,[2164736],807.774,[[133,135004160],[119,671092736],[105,168034304],[91,2281701888],[79,134217888],[68,150994946],[58,167773184],[50,135282688],[42,3355443200],[35,134221828],[29,201327104],[24,138412034],[19,138412036],[15,142606592],[11,134545408],[8,135266816],[6,134283296],[4,8589934592]]]
[43,[2166358016],823.548,[[133,135004160],[119,671092736],[105,168034304],[91,2281701888],[79,134217888],[68,150994946],[58,167773184],[50,135282688],[42,3355443200],[35,134221828],[29,201327104],[24,138412034],[19,138412036],[15,142606592],[11,134545408],[8,135266816],[6,134283296],[4,8589934592]]]
[36,[2113568],495.822,[[133,135004160],[119,671092736],[105,168034304],[91,2281701888],[79,134217888],[68,150994946],[58,167773184],[50,135282688],[42,3355443200],[35,134221828],[29,201327104],[24,138412034],[19,138412036],[15,142606592],[11,134545408],[8,135266816],[6,134283296],[4,8589934592]]]
[30,[1210056704],449.843,[[133,135004160],[119,671092736],[105,168034304],[91,2281701888],[79,134217888],[68,150994946],[58,167773184],[50,135282688],[42,3355443200],[35,134221828],[29,201327104],[24,138412034],[19,138412036],[15,142606592],[11,134545408],[8,135266816],[6,134283296],[4,8589934592]]]
[25,[2162690],321.775,[[133,135004160],[119,671092736],[105,168034304],[91,2281701888],[79,134217888],[68,150994946],[58,167773184],[50,135282688],[42,3355443200],[35,134221828],[29,201327104],[24,138412034],[19,138412036],[15,142606592],[11,134545408],[8,135266816],[6,134283296],[4,8589934592]]]
[20,[1075843072],934.142,[[133,135004160],[119,671092736],[105,168034304],[91,2281701888],[79,134217888],[68,150994946],[58,167773184],[50,135282688],[42,3355443200],[35,134221828],[29,201327104],[24,138412034],[19,138412036],[15,142606592],[11,134545408],[8,135266816],[6,134283296],[4,8589934592]]]
[16,[1076363264],33.5297,[[133,135004160],[119,671092736],[105,168034304],[91,2281701888],[79,134217888],[68,150994946],[58,167773184],[50,135282688],[42,3355443200],[35,134221828],[29,201327104],[24,138412034],[19,138412036],[15,142606592],[11,134545408],[8,135266816],[6,134283296],[4,8589934592]]]
[12,[2097200],345.484,[[133,135004160],[119,671092736],[105,168034304],[91,2281701888],[79,134217888],[68,150994946],[58,167773184],[50,135282688],[42,3355443200],[35,134221828],[29,201327104],[24,138412034],[19,138412036],[15,142606592],[11,134545408],[8,135266816],[6,134283296],[4,8589934592]]]
[9,[10487808],544.336,[[133,135004160],[119,671092736],[105,168034304],[91,2281701888],[79,134217888],[68,150994946],[58,167773184],[50,135282688],[42,3355443200],[35,134221828],[29,201327104],[24,138412034],[19,138412036],[15,142606592],[11,134545408],[8,135266816],[6,134283296],[4,8589934592]]]
[7,[2121728],710.498,[[133,135004160],[119,671092736],[105,168034304],[91,2281701888],[79,134217888],[68,150994946],[58,167773184],[50,135282688],[42,3355443200],[35,134221828],[29,201327104],[24,138412034],[19,138412036],[15,142606592],[11,134545408],[8,135266816],[6,134283296],[4,8589934592]]]
[5,[2359328],383.045,[[133,135004160],[119,671092736],[105,168034304],[91,2281701888],[79,134217888],[68,150994946],[58,167773184],[50,135282688],[42,3355443200],[35,134221828],[29,201327104],[24,138412034],[19,138412036],[15,142606592],[11,134545408],[8,135266816],[6,134283296],[4,8589934592]]]
[3,[2099264],382.168,[[133,135004160],[119,671092736],[105,168034304],[91,2281701888],[79,134217888],[68,150994946],[58,167773184],[50,135282688],[42,3355443200],[35,134221828],[29,201327104],[24,138412034],[19,138412036],[15,142606592],[11,134545408],[8,135266816],[6,134283296],[4,8589934592]]]
[2,[2129921],577.952,[[133,135004160],[119,671092736],[105,168034304],[91,2281701888],[79,134217888],[68,150994946],[58,167773184],[50,135282688],[42,3355443200],[35,134221828],[29,201327104],[24,138412034],[19,138412036],[15,142606592],[11,134545408],[8,135266816],[6,134283296],[4,8589934592]]]
[1,[4294967296],0,[[133,135004160],[119,671092736],[105,168034304],[91,2281701888],[79,134217888],[68,150994946],[58,167773184],[50,135282688],[42,3355443200],[35,134221828],[29,201327104],[24,138412034],[19,138412036],[15,142606592],[11,134545408],[8,135266816],[6,134283296],[4,8589934592]]]
[133,[135004160],839.628,[[132,2684354816],[118,2147549696],[104,2415919112],[90,2148532736],[78,2147520512],[67,2148270080],[57,3221225728],[49,2248146944],[41,2148533248],[34,2147485952],[28,2147517440],[23,2147483672],[18,2147495936],[14,2214594560],[10,17179869184]]]
[119,[671092736],239.274,[[132,2684354816],[118,2147549696],[104,2415919112],[90,2148532736],[78,2147520512],[67,2148270080],[57,3221225728],[49,2248146944],[41,2148533248],[34,2147485952],[28,2147517440],[23,2147483672],[18,2147495936],[14,2214594560],[10,17179869184]]]
[105,[168034304],502.066,[[132,2684354816],[118,2147549696],[104,2415919112],[90,2148532736],[78,2147520512],[67,2148270080],[57,3221225728],[49,2248146944],[41,2148533248],[34,2147485952],[28,2147517440],[23,2147483672],[18,2147495936],[14,2214594560],[10,17179869184]]]
[91,[2281701888],134.503,[[132,2684354816],[118,2147549696],[104,2415919112],[90,2148532736],[78,2147520512],[67,2148270080],[57,3221225728],[49,2248146944],[41,2148533248],[34,2147485952],[28,2147517440],[23,2147483672],[18,2147495936],[14,2214594560],[10,17179869184]]]
[79,[134217888],687.6,[[132,2684354816],[118,2147549696],[104,2415919112],[90,2148532736],[78,2147520512],[67,2148270080],[57,3221225728],[49,2248146944],[41,2148533248],[34,2147485952],[28,2147517440],[23,2147483672],[18,2147495936],[14,2214594560],[10,17179869184]]]
[68,[150994946],963.757,[[132,2684354816],[118,2147549696],[104,2415919112],[90,2148532736],[78,2147520512],[67,2148270080],[57,3221225728],[49,2248146944],[41,2148533248],[34,2147485952],[28,2147517440],[23,2147483672],[18,2147495936],[14,2214594560],[10,17179869184]]]
[58,[167773184],970.639,[[132,2684354816],[118,2147549696],[104,2415919112],[90,2148532736],[78,2147520512],[67,2148270080],[57,3221225728],[49,2248146944],[41,2148533248],[34,2147485952],[28,2147517440],[23,2147483672],[18,2147495936],[14,2214594560],[10,17179869184]]]
[50,[135282688],442.702,[[132,2684354816],[118,2147549696],[104,2415919112],[90,2148532736],[78,2147520512],[67,2148270080],[57,3221225728],[49,2248146944],[41,2148533248],[34,2147485952],[28,2147517440],[23,2147483672],[18,2147495936],[14,2214594560],[10,17179869184]]]
[42,[3355443200],376.625,[[132,2684354816],[118,2147549696],[104,2415919112],[90,2148532736],[78,2147520512],[67,2148270080],[57,3221225728],[49,2248146944],[41,2148533248],[34,2147485952],[28,2147517440],[23,2147483672],[18,2147495936],[14,2214594560],[10,17179869184]]]
[35,[134221828],564.284,[[132,2684354816],[118,2147549696],[104,2415919112],[90,2148532736],[78,2147520512],[67,2148270080],[57,3221225728],[49,2248146944],[41,2148533248],[34,2147485952],[28,2147517440],[23,2147483672],[18,2147495936],[14,2214594560],[10,17179869184]]]
[29,[201327104],51.033,[[132,2684354816],[118,2147549696],[104,2415919112],[90,2148532736],[78,2147520512],[67,2148270080],[57,3221225728],[49,2248146944],[41,2148533248],[34,2147485952],[28,2147517440],[23,2147483672],[18,2147495936],[14,2214594560],[10,17179869184]]]
[24,[138412034],535.058,[[132,2684354816],[118,2147549696],[104,2415919112],[90,2148532736],[78,2147520512],[67,2148270080],[57,3221225728],[49,2248146944],[41,2148533248],[34,2147485952],[28,2147517440],[23,2147483672],[18,2147495936],[14,2214594560],[10,17179869184]]]
[19,[138412036],252.695,[[132,2684354816],[118,2147549696],[104,2415919112],[90,2148532736],[78,2147520512],[67,2148270080],[57,3221225728],[49,2248146944],[41,2148533248],[34,2147485952],[28,2147517440],[23,2147483672],[18,2147495936],[14,2214594560],[10,17179869184]]]
[15,[142606592],885.769,[[132,2684354816],[118,2147549696],[104,2415919112],[90,2148532736],[78,2147520512],[67,2148270080],[57,3221225728],[49,2248146944],[41,2148533248],[34,2147485952],[28,2147517440],[23,2147483672],[18,2147495936],[14,2214594560],[10,17179869184]]]
[11,[134545408],650.659,[[132,2684354816],[118,2147549696],[104,2415919112],[90,2148532736],[78,2147520512],[67,2148270080],[57,3221225728],[49,2248146944],[41,2148533248],[34,2147485952],[28,2147517440],[23,2147483672],[18,2147495936],[14,2214594560],[10,17179869184]]]
[8,[135266816],679.233,[[132,2684354816],[118,2147549696],[104,2415919112],[90,2148532736],[78,2147520512],[67,2148270080],[57,3221225728],[49,2248146944],[41,2148533248],[34,2147485952],[28,2147517440],[23,2147483672],[18,2147495936],[14,2214594560],[10,17179869184]]]
[6,[134283296],339.64,[[132,2684354816],[118,2147549696],[104,2415919112],[90,2148532736],[78,2147520512],[67,2148270080],[57,3221225728],[49,2248146944],[41,2148533248],[34,2147485952],[28,2147517440],[23,2147483672],[18,2147495936],[14,2214594560],[10,17179869184]]]
[4,[8589934592],0,[[132,2684354816],[118,2147549696],[104,2415919112],[90,2148532736],[78,2147520512],[67,2148270080],[57,3221225728],[49,2248146944],[41,2148533248],[34,2147485952],[28,2147517440],[23,2147483672],[18,2147495936],[14,2214594560],[10,17179869184]]]
[132,[2684354816],85.307,[[131,26624],[117,4210720],[103,16648],[89,536920064],[77,16900],[66,33570824],[56,33579008],[48,16960],[40,1097728],[33,147457],[27,8437760],[22,8470528],[17,155648],[13,34359738368]]]
[118,[2147549696],185.049,[[131,26624],[117,4210720],[103,16648],[89,536920064],[77,16900],[66,33570824],[56,33579008],[48,16960],[40,1097728],[33,147457],[27,8437760],[22,8470528],[17,155648],[13,34359738368]]]
[104,[2415919112],767.885,[[131,26624],[117,4210720],[103,16648],[89,536920064],[77,16900],[66,33570824],[56,33579008],[48,16960],[40,1097728],[33,147457],[27,8437760],[22,8470528],[17,155648],[13,34359738368]]]
[90,[2148532736],412.361,[[131,26624],[117,4210720],[103,16648],[89,536920064],[77,16900],[66,33570824],[56,33579008],[48,16960],[40,1097728],[33,147457],[27,8437760],[22,8470528],[17,155648],[13,34359738368]]]
[78,[2147520512],519.108,[[131,26624],[117,4210720],[103,16648],[89,536920064],[77,16900],[66,33570824],[56,33579008],[48,16960],[40,1097728],[33,147457],[27,8437760],[22,8470528],[17,155648],[13,34359738368]]]
[67,[2148270080],753.007,[[131,26624],[117,4210720],[103,16648],[89,536920064],[77,16900],[66,33570824],[56,33579008],[48,16960],[40,1097728],[33,147457],[27,8437760],[22,8470528],[17,155648],[13,34359738368]]]
[57,[3221225728],936.317,[[131,26624],[117,4210720],[103,16648],[89,536920064],[77,16900],[66,33570824],[56,33579008],[48,16960],[40,1097728],[33,147457],[27,8437760],[22,8470528],[17,155648],[13,34359738368]]]
[49,[2248146944],676.879,[[131,26624],[117,4210720],[103,16648],[89,536920064],[77,16900],[66,33570824],[56,33579008],[48,16960],[40,1097728],[33,147457],[27,8437760],[22,8470528],[17,155648],[13,34359738368]]]
[41,[2148533248],865.705,[[131,26624],[117,4210720],[103,16648],[89,536920064],[77,16900],[66,33570824],[56,33579008],[48,16960],[40,1097728],[33,147457],[27,8437760],[22,8470528],[17,155648],[13,34359738368]]]
[34,[2147485952],555.645,[[131,26624],[117,4210720],[103,16648],[89,536920064],[77,16900],[66,33570824],[56,33579008],[48,16960],[40,1097728],[33,147457],[27,8437760],[22,8470528],[17,155648],[13,34359738368]]]
[28,[2147517440],641.881,[[131,26624],[117,4210720],[103,16648],[89,536920064],[77,16900],[66,33570824],[56,33579008],[48,16960],[40,1097728],[33,147457],[27,8437760],[22,8470528],[17,155648],[13,34359738368]]]
[23,[2147483672],228.948,[[131,26624],[117,4210720],[103,16648],[89,536920064],[77,16900],[66,33570824],[56,33579008],[48,16960],[40,1097728],[33,147457],[27,8437760],[22,8470528],[17,155648],[13,34359738368]]]
[18,[2147495936],922.603,[[131,26624],[117,4210720],[103,16648],[89,536920064],[77,16900],[66,33570824],[56,33579008],[48,16960],[40,1097728],[33,147457],[27,8437760],[22,8470528],[17,155648],[13,34359738368]]]
[14,[2214594560],312.572,[[131,26624],[117,4210720],[103,16648],[89,536920064],[77,16900],[66,33570824],[56,33579008],[48,16960],[40,1097728],[33,147457],[27,8437760],[22,8470528],[17,155648],[13,34359738368]]]
[10,[17179869184],0,[[131,26624],[117,4210720],[103,16648],[89,536920064],[77,16900],[66,33570824],[56,33579008],[48,16960],[40,1097728],[33,147457],[27,8437760],[22,8470528],[17,155648],[13,34359738368]]]
[131,[26624],916.186,[[130,1073741836],[116,8388740],[102,67174404],[88,67633156],[76,557060],[65,1073742852],[55,285212676],[47,262156],[39,33554948],[32,16778244],[26,1073742084],[21,68719476736]]]
[117,[4210720],887.335,[[130,1073741836],[116,8388740],[102,67174404],[88,67633156],[76,557060],[65,1073742852],[55,285212676],[47,262156],[39,33554948],[32,16778244],[26,1073742084],[21,68719476736]]]
[103,[16648],255.34,[[130,1073741836],[116,8388740],[102,67174404],[88,67633156],[76,557060],[65,1073742852],[55,285212676],[47,262156],[39,33554948],[32,16778244],[26,1073742084],[21,68719476736]]]
[89,[536920064],761.327,[[130,1073741836],[116,8388740],[102,67174404],[88,67633156],[76,557060],[65,1073742852],[55,285212676],[47,262156],[39,33554948],[32,16778244],[26,1073742084],[21,68719476736]]]
[77,[16900],602.949,[[130,1073741836],[116,8388740],[102,67174404],[88,67633156],[76,557060],[65,1073742852],[55,285212676],[47,262156],[39,33554948],[32,16778244],[26,1073742084],[21,68719476736]]]
[66,[33570824],567.682,[[130,1073741836],[116,8388740],[102,67174404],[88,67633156],[76,557060],[65,1073742852],[55,285212676],[47,262156],[39,33554948],[32,16778244],[26,1073742084],[21,68719476736]]]
[56,[33579008],678.965,[[130,1073741836],[116,8388740],[102,67174404],[88,67633156],[76,557060],[65,1073742852],[55,285212676],[47,262156],[39,33554948],[32,16778244],[26,1073742084],[21,68719476736]]]
[48,[16960],664.541,[[130,1073741836],[116,8388740],[102,67174404],[88,67633156],[76,557060],[65,1073742852],[55,285212676],[47,262156],[39,33554948],[32,16778244],[26,1073742084],[21,68719476736]]]
[40,[1097728],792.629,[[130,1073741836],[116,8388740],[102,67174404],[88,67633156],[76,557060],[65,1073742852],[55,285212676],[47,262156],[39,33554948],[32,16778244],[26,1073742084],[21,68719476736]]]
[33,[147457],610.447,[[130,1073741836],[116,8388740],[102,67174404],[88,67633156],[76,557060],[65,1073742852],[55,285212676],[47,262156],[39,33554948],[32,16778244],[26,1073742084],[21,68719476736]]]
[27,[8437760],858.78,[[130,1073741836],[116,8388740],[102,67174404],[88,67633156],[76,557060],[65,1073742852],[55,285212676],[47,262156],[39,33554948],[32,16778244],[26,1073742084],[21,68719476736]]]
[22,[8470528],723.027,[[130,1073741836],[116,8388740],[102,67174404],[88,67633156],[76,557060],[65,1073742852],[55,285212676],[47,262156],[39,33554948],[32,16778244],[26,1073742084],[21,68719476736]]]
[17,[155648],365.192,[[130,1073741836],[116,8388740],[102,67174404],[88,67633156],[76,557060],[65,1073742852],[55,285212676],[47,262156],[39,33554948],[32,16778244],[26,1073742084],[21,68719476736]]]
[13,[34359738368],0,[[130,1073741836],[116,8388740],[102,67174404],[88,67633156],[76,557060],[65,1073742852],[55,285212676],[47,262156],[39,33554948],[32,16778244],[26,1073742084],[21,68719476736]]]
[130,[1073741836],229.009,[[129,393248],[115,786433],[101,262161],[87,4460544],[75,786448],[64,67373056],[54,67371010],[46,33947648],[38,262224],[31,137438953472]]]
[116,[8388740],668.708,[[129,393248],[115,786433],[101,262161],[87,4460544],[75,786448],[64,67373056],[54,67371010],[46,33947648],[38,262224],[31,137438953472]]]
[102,[67174404],131.489,[[129,393248],[115,786433],[101,262161],[87,4460544],[75,786448],[64,67373056],[54,67371010],[46,33947648],[38,262224],[31,137438953472]]]
[88,[67633156],249.345,[[129,393248],[115,786433],[101,262161],[87,4460544],[75,786448],[64,67373056],[54,67371010],[46,33947648],[38,262224],[31,137438953472]]]
[76,[557060],83.5977,[[129,393248],[115,786433],[101,262161],[87,4460544],[75,786448],[64,67373056],[54,67371010],[46,33947648],[38,262224],[31,137438953472]]]
[65,[1073742852],68.7614,[[129,393248],[115,786433],[101,262161],[87,4460544],[75,786448],[64,67373056],[54,67371010],[46,33947648],[38,262224],[31,137438953472]]]
[55,[285212676],588.238,[[129,393248],[115,786433],[101,262161],[87,4460544],[75,786448],[64,67373056],[54,67371010],[46,33947648],[38,262224],[31,137438953472]]]
[47,[262156],873.382,[[129,393248],[115,786433],[101,262161],[87,4460544],[75,786448],[64,67373056],[54,67371010],[46,33947648],[38,262224],[31,137438953472]]]
[39,[33554948],979.178,[[129,393248],[115,786433],[101,262161],[87,4460544],[75,786448],[64,67373056],[54,67371010],[46,33947648],[38,262224],[31,137438953472]]]
[32,[16778244],261.06,[[129,393248],[115,786433],[101,262161],[87,4460544],[75,786448],[64,67373056],[54,67371010],[46,33947648],[38,262224],[31,137438953472]]]
[26,[1073742084],338.124,[[129,393248],[115,786433],[101,262161],[87,4460544],[75,786448],[64,67373056],[54,67371010],[46,33947648],[38,262224],[31,137438953472]]]
[21,[68719476736],0,[[129,393248],[115,786433],[101,262161],[87,4460544],[75,786448],[64,67373056],[54,67371010],[46,33947648],[38,262224],[31,137438953472]]]
[129,[393248],390.35,[[128,1054720],[114,5373952],[100,34635776],[86,1114120],[74,1049104],[63,1081856],[53,1074792448],[45,9445376],[37,274877906944]]]
[115,[786433],727.94,[[128,1054720],[114,5373952],[100,34635776],[86,1114120],[74,1049104],[63,1081856],[53,1074792448],[45,9445376],[37,274877906944]]]
[101,[262161],39.3301,[[128,1054720],[114,5373952],[100,34635776],[86,1114120],[74,1049104],[63,1081856],[53,1074792448],[45,9445376],[37,274877906944]]]
[87,[4460544],842.141,[[128,1054720],[114,5373952],[100,34635776],[86,1114120],[74,1049104],[63,1081856],[53,1074792448],[45,9445376],[37,274877906944]]]
[75,[786448],102.42,[[128,1054720],[114,5373952],[100,34635776],[86,1114120],[74,1049104],[63,1081856],[53,1074792448],[45,9445376],[37,274877906944]]]
[64,[67373056],722.22,[[128,1054720],[114,5373952],[100,34635776],[86,1114120],[74,1049104],[63,1081856],[53,1074792448],[45,9445376],[37,274877906944]]]
[54,[67371010],76.7453,[[128,1054720],[114,5373952],[100,34635776],[86,1114120],[74,1049104],[63,1081856],[53,1074792448],[45,9445376],[37,274877906944]]]
[46,[33947648],802.463,[[128,1054720],[114,5373952],[100,34635776],[86,1114120],[74,1049104],[63,1081856],[53,1074792448],[45,9445376],[37,274877906944]]]
[38,[262224],995.401,[[128,1054720],[114,5373952],[100,34635776],[86,1114120],[74,1049104],[63,1081856],[53,1074792448],[45,9445376],[37,274877906944]]]
[31,[137438953472],0,[[128,1054720],[114,5373952],[100,34635776],[86,1114120],[74,1049104],[63,1081856],[53,1074792448],[45,9445376],[37,274877906944]]]
[128,[1054720],994.582,[[127,4194562],[113,67141888],[99,2368],[85,33554690],[73,524545],[62,4194592],[52,4195584],[44,549755813888]]]
[114,[5373952],157.001,[[127,4194562],[113,67141888],[99,2368],[85,33554690],[73,524545],[62,4194592],[52,4195584],[44,549755813888]]]
[100,[34635776],941.174,[[127,4194562],[113,67141888],[99,2368],[85,33554690],[73,524545],[62,4194592],[52,4195584],[44,549755813888]]]
[86,[1114120],700.982,[[127,4194562],[113,67141888],[99,2368],[85,33554690],[73,524545],[62,4194592],[52,4195584],[44,549755813888]]]
[74,[1049104],975.14,[[127,4194562],[113,67141888],[99,2368],[85,33554690],[73,524545],[62,4194592],[52,4195584],[44,549755813888]]]
[63,[1081856],743.059,[[127,4194562],[113,67141888],[99,2368],[85,33554690],[73,524545],[62,4194592],[52,4195584],[44,549755813888]]]
[53,[1074792448],139.237,[[127,4194562],[113,67141888],[99,2368],[85,33554690],[73,524545],[62,4194592],[52,4195584],[44,549755813888]]]
[45,[9445376],3.93798,[[127,4194562],[113,67141888],[99,2368],[85,33554690],[73,524545],[62,4194592],[52,4195584],[44,549755813888]]]
[37,[274877906944],0,[[127,4194562],[113,67141888],[99,2368],[85,33554690],[73,524545],[62,4194592],[52,4195584],[44,549755813888]]]
[127,[4194562],657.516,[[126,1073752064],[112,139296],[98,1073751040],[84,272637952],[72,8396928],[61,1099511627776]]]
[113,[67141888],180.833,[[126,1073752064],[112,139296],[98,1073751040],[84,272637952],[72,8396928],[61,1099511627776]]]
[99,[2368],725.414,[[126,1073752064],[112,139296],[98,1073751040],[84,272637952],[72,8396928],[61,1099511627776]]]
[85,[33554690],465.668,[[126,1073752064],[112,139296],[98,1073751040],[84,272637952],[72,8396928],[61,1099511627776]]]
[73,[524545],658.831,[[126,1073752064],[112,139296],[98,1073751040],[84,272637952],[72,8396928],[61,1099511627776]]]
[62,[4194592],165.107,[[126,1073752064],[112,139296],[98,1073751040],[84,272637952],[72,8396928],[61,1099511627776]]]
[52,[4195584],645.64,[[126,1073752064],[112,139296],[98,1073751040],[84,272637952],[72,8396928],[61,1099511627776]]]
[44,[549755813888],0,[[126,1073752064],[112,139296],[98,1073751040],[84,272637952],[72,8396928],[61,1099511627776]]]
[126,[1073752064],872.125,[[125,67586],[111,536936480],[97,4259848],[83,4259968],[71,65576],[60,2199023255552]]]
[112,[139296],724.07,[[125,67586],[111,536936480],[97,4259848],[83,4259968],[71,65576],[60,2199023255552]]]
[98,[1073751040],633.22,[[125,67586],[111,536936480],[97,4259848],[83,4259968],[71,65576],[60,2199023255552]]]
[84,[272637952],87.3485,[[125,67586],[111,536936480],[97,4259848],[83,4259968],[71,65576],[60,2199023255552]]]
[72,[8396928],544.607,[[125,67586],[111,536936480],[97,4259848],[83,4259968],[71,65576],[60,2199023255552]]]
[61,[1099511627776],0,[[125,67586],[111,536936480],[97,4259848],[83,4259968],[71,65576],[60,2199023255552]]]
[125,[67586],780.217,[[124,34880],[110,16810000],[96,32801],[82,553680896],[70,4398046511104]]]
[111,[536936480],533.864,[[124,34880],[110,16810000],[96,32801],[82,553680896],[70,4398046511104]]]
[97,[4259848],423.171,[[124,34880],[110,16810000],[96,32801],[82,553680896],[70,4398046511104]]]
[83,[4259968],481.071,[[124,34880],[110,16810000],[96,32801],[82,553680896],[70,4398046511104]]]
[71,[65576],603.885,[[124,34880],[110,16810000],[96,32801],[82,553680896],[70,4398046511104]]]
[60,[2199023255552],0,[[124,34880],[110,16810000],[96,32801],[82,553680896],[70,4398046511104]]]
[124,[34880],2.95558,[[123,553648130],[109,26],[95,100663298],[81,8796093022208]]]
[110,[16810000],841.803,[[123,553648130],[109,26],[95,100663298],[81,8796093022208]]]
[96,[32801],33.4831,[[123,553648130],[109,26],[95,100663298],[81,8796093022208]]]
[82,[553680896],822.815,[[123,553648130],[109,26],[95,100663298],[81,8796093022208]]]
[70,[4398046511104],0,[[123,553648130],[109,26],[95,100663298],[81,8796093022208]]]
[123,[553648130],971.384,[[122,4232],[108,4195456],[94,17592186044416]]]
[109,[26],216.008,[[122,4232],[108,4195456],[94,17592186044416]]]
[95,[100663298],169.381,[[122,4232],[108,4195456],[94,17592186044416]]]
[81,[8796093022208],0,[[122,4232],[108,4195456],[94,17592186044416]]]
[122,[4232],317.074,[[121,537395712],[107,2561],[93,35184372088832]]]
[108,[4195456],856.252,[[121,537395712],[107,2561],[93,35184372088832]]]
[94,[17592186044416],0,[[121,537395712],[107,2561],[93,35184372088832]]]
[121,[537395712],873.428,[]]
[107,[2561],967.588,[]]
[93,[35184372088832],0,[]]