[0,[2184],847.787,[[13,261],[14,8456],[15,324],[16,33025],[17,1792],[18,274],[19,2305],[20,131072]]]
[1,[8324],407.452,[[13,261],[14,8456],[15,324],[16,33025],[17,1792],[18,274],[19,2305],[20,131072]]]
[2,[4228],895.31,[[13,261],[14,8456],[15,324],[16,33025],[17,1792],[18,274],[19,2305],[20,131072]]]
[3,[2192],875.747,[[13,261],[14,8456],[15,324],[16,33025],[17,1792],[18,274],[19,2305],[20,131072]]]
[4,[6272],18.761,[[13,261],[14,8456],[15,324],[16,33025],[17,1792],[18,274],[19,2305],[20,131072]]]
[5,[386],363.963,[[13,261],[14,8456],[15,324],[16,33025],[17,1792],[18,274],[19,2305],[20,131072]]]
[6,[704],808.763,[[13,261],[14,8456],[15,324],[16,33025],[17,1792],[18,274],[19,2305],[20,131072]]]
[7,[16520],105.154,[[13,261],[14,8456],[15,324],[16,33025],[17,1792],[18,274],[19,2305],[20,131072]]]
[8,[2208],161.727,[[13,261],[14,8456],[15,324],[16,33025],[17,1792],[18,274],[19,2305],[20,131072]]]
[9,[644],851.288,[[13,261],[14,8456],[15,324],[16,33025],[17,1792],[18,274],[19,2305],[20,131072]]]
[10,[146],892.07,[[13,261],[14,8456],[15,324],[16,33025],[17,1792],[18,274],[19,2305],[20,131072]]]
[11,[162],76.4476,[[13,261],[14,8456],[15,324],[16,33025],[17,1792],[18,274],[19,2305],[20,131072]]]
[12,[65536],0,[[13,261],[14,8456],[15,324],[16,33025],[17,1792],[18,274],[19,2305],[20,131072]]]
[13,[261],639.897,[[21,49184],[22,49153],[23,33794],[24,37376],[25,40962],[26,262144]]]
[14,[8456],455.77,[[21,49184],[22,49153],[23,33794],[24,37376],[25,40962],[26,262144]]]
[15,[324],264.468,[[21,49184],[22,49153],[23,33794],[24,37376],[25,40962],[26,262144]]]
[16,[33025],274.184,[[21,49184],[22,49153],[23,33794],[24,37376],[25,40962],[26,262144]]]
[17,[1792],292.209,[[21,49184],[22,49153],[23,33794],[24,37376],[25,40962],[26,262144]]]
[18,[274],987.1,[[21,49184],[22,49153],[23,33794],[24,37376],[25,40962],[26,262144]]]
[19,[2305],91.3532,[[21,49184],[22,49153],[23,33794],[24,37376],[25,40962],[26,262144]]]
[20,[131072],0,[[21,49184],[22,49153],[23,33794],[24,37376],[25,40962],[26,262144]]]
[21,[49184],669.638,[[27,2624],[28,20992],[29,16904],[30,524288]]]
[22,[49153],429.454,[[27,2624],[28,20992],[29,16904],[30,524288]]]
[23,[33794],788.801,[[27,2624],[28,20992],[29,16904],[30,524288]]]
[24,[37376],940.955,[[27,2624],[28,20992],[29,16904],[30,524288]]]
[25,[40962],404.787,[[27,2624],[28,20992],[29,16904],[30,524288]]]
[26,[262144],0,[[27,2624],[28,20992],[29,16904],[30,524288]]]
[27,[2624],903.608,[[31,21],[32,5124],[33,1048576]]]
[28,[20992],793.878,[[31,21],[32,5124],[33,1048576]]]
[29,[16904],628.613,[[31,21],[32,5124],[33,1048576]]]
[30,[524288],0,[[31,21],[32,5124],[33,1048576]]]
[31,[21],996.466,[[34,4162],[35,2097152]]]
[32,[5124],85.8458,[[34,4162],[35,2097152]]]
[33,[1048576],0,[[34,4162],[35,2097152]]]
[34,[4162],852.792,[]]
[35,[2097152],0,[]]