[0,[2184],847.787,[[13,261],[14,8456],[15,324],[16,33025],[17,1792],[18,274],[19,2305],[20,8589934592]]]
[1,[8324],407.452,[[13,261],[14,8456],[15,324],[16,33025],[17,1792],[18,274],[19,2305],[20,8589934592]]]
[2,[4228],895.31,[[13,261],[14,8456],[15,324],[16,33025],[17,1792],[18,274],[19,2305],[20,8589934592]]]
[3,[2192],875.747,[[13,261],[14,8456],[15,324],[16,33025],[17,1792],[18,274],[19,2305],[20,8589934592]]]
[4,[6272],18.761,[[13,261],[14,8456],[15,324],[16,33025],[17,1792],[18,274],[19,2305],[20,8589934592]]]
[5,[386],363.963,[[13,261],[14,8456],[15,324],[16,33025],[17,1792],[18,274],[19,2305],[20,8589934592]]]
[6,[704],808.763,[[13,261],[14,8456],[15,324],[16,33025],[17,1792],[18,274],[19,2305],[20,8589934592]]]
[7,[16520],105.154,[[13,261],[14,8456],[15,324],[16,33025],[17,1792],[18,274],[19,2305],[20,8589934592]]]
[8,[2208],161.727,[[13,261],[14,8456],[15,324],[16,33025],[17,1792],[18,274],[19,2305],[20,8589934592]]]
[9,[644],851.288,[[13,261],[14,8456],[15,324],[16,33025],[17,1792],[18,274],[19,2305],[20,8589934592]]]
[10,[146],892.07,[[13,261],[14,8456],[15,324],[16,33025],[17,1792],[18,274],[19,2305],[20,8589934592]]]
[11,[162],76.4476,[[13,261],[14,8456],[15,324],[16,33025],[17,1792],[18,274],[19,2305],[20,8589934592]]]
[12,[4294967296],0,[[13,261],[14,8456],[15,324],[16,33025],[17,1792],[18,274],[19,2305],[20,8589934592]]]
[13,[261],639.897,[[21,49184],[22,49153],[23,33794],[24,37376],[25,40962],[26,17179869184]]]
[14,[8456],455.77,[[21,49184],[22,49153],[23,33794],[24,37376],[25,40962],[26,17179869184]]]
[15,[324],264.468,[[21,49184],[22,49153],[23,33794],[24,37376],[25,40962],[26,17179869184]]]
[16,[33025],274.184,[[21,49184],[22,49153],[23,33794],[24,37376],[25,40962],[26,17179869184]]]
[17,[1792],292.209,[[21,49184],[22,49153],[23,33794],[24,37376],[25,40962],[26,17179869184]]]
[18,[274],987.1,[[21,49184],[22,49153],[23,33794],[24,37376],[25,40962],[26,17179869184]]]
[19,[2305],91.3532,[[21,49184],[22,49153],[23,33794],[24,37376],[25,40962],[26,17179869184]]]
[20,[8589934592],0,[[21,49184],[22,49153],[23,33794],[24,37376],[25,40962],[26,17179869184]]]
[21,[49184],669.638,[[27,2624],[28,20992],[29,16904],[30,34359738368]]]
[22,[49153],429.454,[[27,2624],[28,20992],[29,16904],[30,34359738368]]]
[23,[33794],788.801,[[27,2624],[28,20992],[29,16904],[30,34359738368]]]
[24,[37376],940.955,[[27,2624],[28,20992],[29,16904],[30,34359738368]]]
[25,[40962],404.787,[[27,2624],[28,20992],[29,16904],[30,34359738368]]]
[26,[17179869184],0,[[27,2624],[28,20992],[29,16904],[30,34359738368]]]
[27,[2624],903.608,[[31,21],[32,5124],[33,68719476736]]]
[28,[20992],793.878,[[31,21],[32,5124],[33,68719476736]]]
[29,[16904],628.613,[[31,21],[32,5124],[33,68719476736]]]
[30,[34359738368],0,[[31,21],[32,5124],[33,68719476736]]]
[31,[21],996.466,[[34,4162],[35,137438953472]]]
[32,[5124],85.8458,[[34,4162],[35,137438953472]]]
[33,[68719476736],0,[[34,4162],[35,137438953472]]]
[34,[4162],852.792,[]]
[35,[137438953472],0,[]]