[0,[0,2184],847.787,[[13,0,261],[14,0,8456],[15,0,324],[16,0,33025],[17,0,1792],[18,0,274],[19,0,2305],[20,2,0]]]
[1,[0,8324],407.452,[[13,0,261],[14,0,8456],[15,0,324],[16,0,33025],[17,0,1792],[18,0,274],[19,0,2305],[20,2,0]]]
[2,[0,4228],895.31,[[13,0,261],[14,0,8456],[15,0,324],[16,0,33025],[17,0,1792],[18,0,274],[19,0,2305],[20,2,0]]]
[3,[0,2192],875.747,[[13,0,261],[14,0,8456],[15,0,324],[16,0,33025],[17,0,1792],[18,0,274],[19,0,2305],[20,2,0]]]
[4,[0,6272],18.761,[[13,0,261],[14,0,8456],[15,0,324],[16,0,33025],[17,0,1792],[18,0,274],[19,0,2305],[20,2,0]]]
[5,[0,386],363.963,[[13,0,261],[14,0,8456],[15,0,324],[16,0,33025],[17,0,1792],[18,0,274],[19,0,2305],[20,2,0]]]
[6,[0,704],808.763,[[13,0,261],[14,0,8456],[15,0,324],[16,0,33025],[17,0,1792],[18,0,274],[19,0,2305],[20,2,0]]]
[7,[0,16520],105.154,[[13,0,261],[14,0,8456],[15,0,324],[16,0,33025],[17,0,1792],[18,0,274],[19,0,2305],[20,2,0]]]
[8,[0,2208],161.727,[[13,0,261],[14,0,8456],[15,0,324],[16,0,33025],[17,0,1792],[18,0,274],[19,0,2305],[20,2,0]]]
[9,[0,644],851.288,[[13,0,261],[14,0,8456],[15,0,324],[16,0,33025],[17,0,1792],[18,0,274],[19,0,2305],[20,2,0]]]
[10,[0,146],892.07,[[13,0,261],[14,0,8456],[15,0,324],[16,0,33025],[17,0,1792],[18,0,274],[19,0,2305],[20,2,0]]]
[11,[0,162],76.4476,[[13,0,261],[14,0,8456],[15,0,324],[16,0,33025],[17,0,1792],[18,0,274],[19,0,2305],[20,2,0]]]
[12,[1,0],0,[[13,0,261],[14,0,8456],[15,0,324],[16,0,33025],[17,0,1792],[18,0,274],[19,0,2305],[20,2,0]]]
[13,[0,261],639.897,[[21,0,49184],[22,0,49153],[23,0,33794],[24,0,37376],[25,0,40962],[26,4,0]]]
[14,[0,8456],455.77,[[21,0,49184],[22,0,49153],[23,0,33794],[24,0,37376],[25,0,40962],[26,4,0]]]
[15,[0,324],264.468,[[21,0,49184],[22,0,49153],[23,0,33794],[24,0,37376],[25,0,40962],[26,4,0]]]
[16,[0,33025],274.184,[[21,0,49184],[22,0,49153],[23,0,33794],[24,0,37376],[25,0,40962],[26,4,0]]]
[17,[0,1792],292.209,[[21,0,49184],[22,0,49153],[23,0,33794],[24,0,37376],[25,0,40962],[26,4,0]]]
[18,[0,274],987.1,[[21,0,49184],[22,0,49153],[23,0,33794],[24,0,37376],[25,0,40962],[26,4,0]]]
[19,[0,2305],91.3532,[[21,0,49184],[22,0,49153],[23,0,33794],[24,0,37376],[25,0,40962],[26,4,0]]]
[20,[2,0],0,[[21,0,49184],[22,0,49153],[23,0,33794],[24,0,37376],[25,0,40962],[26,4,0]]]
[21,[0,49184],669.638,[[27,0,2624],[28,0,20992],[29,0,16904],[30,8,0]]]
[22,[0,49153],429.454,[[27,0,2624],[28,0,20992],[29,0,16904],[30,8,0]]]
[23,[0,33794],788.801,[[27,0,2624],[28,0,20992],[29,0,16904],[30,8,0]]]
[24,[0,37376],940.955,[[27,0,2624],[28,0,20992],[29,0,16904],[30,8,0]]]
[25,[0,40962],404.787,[[27,0,2624],[28,0,20992],[29,0,16904],[30,8,0]]]
[26,[4,0],0,[[27,0,2624],[28,0,20992],[29,0,16904],[30,8,0]]]
[27,[0,2624],903.608,[[31,0,21],[32,0,5124],[33,16,0]]]
[28,[0,20992],793.878,[[31,0,21],[32,0,5124],[33,16,0]]]
[29,[0,16904],628.613,[[31,0,21],[32,0,5124],[33,16,0]]]
[30,[8,0],0,[[31,0,21],[32,0,5124],[33,16,0]]]
[31,[0,21],996.466,[[34,0,4162],[35,32,0]]]
[32,[0,5124],85.8458,[[34,0,4162],[35,32,0]]]
[33,[16,0],0,[[34,0,4162],[35,32,0]]]
[34,[0,4162],852.792,[]]
[35,[32,0],0,[]]