[219,[57344],532.493,[[218,1140851712],[199,1073741954],[180,3221225473],[162,1073741836],[147,1073747968],[132,1342177282],[119,1073741904],[107,1073876992],[96,1077952512],[86,1084227584],[76,1074790402],[67,1207960576],[60,1073742352],[53,1073742084],[46,1075839104],[40,1241513984],[34,1078001664],[28,1082130448],[23,1073742864],[18,1076101120],[14,1077936132],[11,1073741829],[8,1619001344],[5,1073872912],[3,8589934592]]]
[200,[51200],417.44,[[218,1140851712],[199,1073741954],[180,3221225473],[162,1073741836],[147,1073747968],[132,1342177282],[119,1073741904],[107,1073876992],[96,1077952512],[86,1084227584],[76,1074790402],[67,1207960576],[60,1073742352],[53,1073742084],[46,1075839104],[40,1241513984],[34,1078001664],[28,1082130448],[23,1073742864],[18,1076101120],[14,1077936132],[11,1073741829],[8,1619001344],[5,1073872912],[3,8589934592]]]
[181,[1073790976],40.6793,[[218,1140851712],[199,1073741954],[180,3221225473],[162,1073741836],[147,1073747968],[132,1342177282],[119,1073741904],[107,1073876992],[96,1077952512],[86,1084227584],[76,1074790402],[67,1207960576],[60,1073742352],[53,1073742084],[46,1075839104],[40,1241513984],[34,1078001664],[28,1082130448],[23,1073742864],[18,1076101120],[14,1077936132],[11,1073741829],[8,1619001344],[5,1073872912],[3,8589934592]]]
[163,[32840],558.846,[[218,1140851712],[199,1073741954],[180,3221225473],[162,1073741836],[147,1073747968],[132,1342177282],[119,1073741904],[107,1073876992],[96,1077952512],[86,1084227584],[76,1074790402],[67,1207960576],[60,1073742352],[53,1073742084],[46,1075839104],[40,1241513984],[34,1078001664],[28,1082130448],[23,1073742864],[18,1076101120],[14,1077936132],[11,1073741829],[8,1619001344],[5,1073872912],[3,8589934592]]]
[148,[4227328],599.521,[[218,1140851712],[199,1073741954],[180,3221225473],[162,1073741836],[147,1073747968],[132,1342177282],[119,1073741904],[107,1073876992],[96,1077952512],[86,1084227584],[76,1074790402],[67,1207960576],[60,1073742352],[53,1073742084],[46,1075839104],[40,1241513984],[34,1078001664],[28,1082130448],[23,1073742864],[18,1076101120],[14,1077936132],[11,1073741829],[8,1619001344],[5,1073872912],[3,8589934592]]]
[133,[67143680],126.137,[[218,1140851712],[199,1073741954],[180,3221225473],[162,1073741836],[147,1073747968],[132,1342177282],[119,1073741904],[107,1073876992],[96,1077952512],[86,1084227584],[76,1074790402],[67,1207960576],[60,1073742352],[53,1073742084],[46,1075839104],[40,1241513984],[34,1078001664],[28,1082130448],[23,1073742864],[18,1076101120],[14,1077936132],[11,1073741829],[8,1619001344],[5,1073872912],[3,8589934592]]]
[120,[295040],700.798,[[218,1140851712],[199,1073741954],[180,3221225473],[162,1073741836],[147,1073747968],[132,1342177282],[119,1073741904],[107,1073876992],[96,1077952512],[86,1084227584],[76,1074790402],[67,1207960576],[60,1073742352],[53,1073742084],[46,1075839104],[40,1241513984],[34,1078001664],[28,1082130448],[23,1073742864],[18,1076101120],[14,1077936132],[11,1073741829],[8,1619001344],[5,1073872912],[3,8589934592]]]
[108,[33025],713.264,[[218,1140851712],[199,1073741954],[180,3221225473],[162,1073741836],[147,1073747968],[132,1342177282],[119,1073741904],[107,1073876992],[96,1077952512],[86,1084227584],[76,1074790402],[67,1207960576],[60,1073742352],[53,1073742084],[46,1075839104],[40,1241513984],[34,1078001664],[28,1082130448],[23,1073742864],[18,1076101120],[14,1077936132],[11,1073741829],[8,1619001344],[5,1073872912],[3,8589934592]]]
[97,[16826368],69.5783,[[218,1140851712],[199,1073741954],[180,3221225473],[162,1073741836],[147,1073747968],[132,1342177282],[119,1073741904],[107,1073876992],[96,1077952512],[86,1084227584],[76,1074790402],[67,1207960576],[60,1073742352],[53,1073742084],[46,1075839104],[40,1241513984],[34,1078001664],[28,1082130448],[23,1073742864],[18,1076101120],[14,1077936132],[11,1073741829],[8,1619001344],[5,1073872912],[3,8589934592]]]
[87,[40962],430.207,[[218,1140851712],[199,1073741954],[180,3221225473],[162,1073741836],[147,1073747968],[132,1342177282],[119,1073741904],[107,1073876992],[96,1077952512],[86,1084227584],[76,1074790402],[67,1207960576],[60,1073742352],[53,1073742084],[46,1075839104],[40,1241513984],[34,1078001664],[28,1082130448],[23,1073742864],[18,1076101120],[14,1077936132],[11,1073741829],[8,1619001344],[5,1073872912],[3,8589934592]]]
[77,[1073905664],846.369,[[218,1140851712],[199,1073741954],[180,3221225473],[162,1073741836],[147,1073747968],[132,1342177282],[119,1073741904],[107,1073876992],[96,1077952512],[86,1084227584],[76,1074790402],[67,1207960576],[60,1073742352],[53,1073742084],[46,1075839104],[40,1241513984],[34,1078001664],[28,1082130448],[23,1073742864],[18,1076101120],[14,1077936132],[11,1073741829],[8,1619001344],[5,1073872912],[3,8589934592]]]
[68,[2181070848],857.584,[[218,1140851712],[199,1073741954],[180,3221225473],[162,1073741836],[147,1073747968],[132,1342177282],[119,1073741904],[107,1073876992],[96,1077952512],[86,1084227584],[76,1074790402],[67,1207960576],[60,1073742352],[53,1073742084],[46,1075839104],[40,1241513984],[34,1078001664],[28,1082130448],[23,1073742864],[18,1076101120],[14,1077936132],[11,1073741829],[8,1619001344],[5,1073872912],[3,8589934592]]]
[61,[167804928],89.3802,[[218,1140851712],[199,1073741954],[180,3221225473],[162,1073741836],[147,1073747968],[132,1342177282],[119,1073741904],[107,1073876992],[96,1077952512],[86,1084227584],[76,1074790402],[67,1207960576],[60,1073742352],[53,1073742084],[46,1075839104],[40,1241513984],[34,1078001664],[28,1082130448],[23,1073742864],[18,1076101120],[14,1077936132],[11,1073741829],[8,1619001344],[5,1073872912],[3,8589934592]]]
[54,[36880],704.865,[[218,1140851712],[199,1073741954],[180,3221225473],[162,1073741836],[147,1073747968],[132,1342177282],[119,1073741904],[107,1073876992],[96,1077952512],[86,1084227584],[76,1074790402],[67,1207960576],[60,1073742352],[53,1073742084],[46,1075839104],[40,1241513984],[34,1078001664],[28,1082130448],[23,1073742864],[18,1076101120],[14,1077936132],[11,1073741829],[8,1619001344],[5,1073872912],[3,8589934592]]]
[47,[268470272],410.916,[[218,1140851712],[199,1073741954],[180,3221225473],[162,1073741836],[147,1073747968],[132,1342177282],[119,1073741904],[107,1073876992],[96,1077952512],[86,1084227584],[76,1074790402],[67,1207960576],[60,1073742352],[53,1073742084],[46,1075839104],[40,1241513984],[34,1078001664],[28,1082130448],[23,1073742864],[18,1076101120],[14,1077936132],[11,1073741829],[8,1619001344],[5,1073872912],[3,8589934592]]]
[41,[425984],743.752,[[218,1140851712],[199,1073741954],[180,3221225473],[162,1073741836],[147,1073747968],[132,1342177282],[119,1073741904],[107,1073876992],[96,1077952512],[86,1084227584],[76,1074790402],[67,1207960576],[60,1073742352],[53,1073742084],[46,1075839104],[40,1241513984],[34,1078001664],[28,1082130448],[23,1073742864],[18,1076101120],[14,1077936132],[11,1073741829],[8,1619001344],[5,1073872912],[3,8589934592]]]
[35,[98308],731.305,[[218,1140851712],[199,1073741954],[180,3221225473],[162,1073741836],[147,1073747968],[132,1342177282],[119,1073741904],[107,1073876992],[96,1077952512],[86,1084227584],[76,1074790402],[67,1207960576],[60,1073742352],[53,1073742084],[46,1075839104],[40,1241513984],[34,1078001664],[28,1082130448],[23,1073742864],[18,1076101120],[14,1077936132],[11,1073741829],[8,1619001344],[5,1073872912],[3,8589934592]]]
[29,[32792],125.236,[[218,1140851712],[199,1073741954],[180,3221225473],[162,1073741836],[147,1073747968],[132,1342177282],[119,1073741904],[107,1073876992],[96,1077952512],[86,1084227584],[76,1074790402],[67,1207960576],[60,1073742352],[53,1073742084],[46,1075839104],[40,1241513984],[34,1078001664],[28,1082130448],[23,1073742864],[18,1076101120],[14,1077936132],[11,1073741829],[8,1619001344],[5,1073872912],[3,8589934592]]]
[24,[268468226],981.157,[[218,1140851712],[199,1073741954],[180,3221225473],[162,1073741836],[147,1073747968],[132,1342177282],[119,1073741904],[107,1073876992],[96,1077952512],[86,1084227584],[76,1074790402],[67,1207960576],[60,1073742352],[53,1073742084],[46,1075839104],[40,1241513984],[34,1078001664],[28,1082130448],[23,1073742864],[18,1076101120],[14,1077936132],[11,1073741829],[8,1619001344],[5,1073872912],[3,8589934592]]]
[19,[557072],994.659,[[218,1140851712],[199,1073741954],[180,3221225473],[162,1073741836],[147,1073747968],[132,1342177282],[119,1073741904],[107,1073876992],[96,1077952512],[86,1084227584],[76,1074790402],[67,1207960576],[60,1073742352],[53,1073742084],[46,1075839104],[40,1241513984],[34,1078001664],[28,1082130448],[23,1073742864],[18,1076101120],[14,1077936132],[11,1073741829],[8,1619001344],[5,1073872912],[3,8589934592]]]
[15,[33040],92.9289,[[218,1140851712],[199,1073741954],[180,3221225473],[162,1073741836],[147,1073747968],[132,1342177282],[119,1073741904],[107,1073876992],[96,1077952512],[86,1084227584],[76,1074790402],[67,1207960576],[60,1073742352],[53,1073742084],[46,1075839104],[40,1241513984],[34,1078001664],[28,1082130448],[23,1073742864],[18,1076101120],[14,1077936132],[11,1073741829],[8,1619001344],[5,1073872912],[3,8589934592]]]
[12,[163872],102.86,[[218,1140851712],[199,1073741954],[180,3221225473],[162,1073741836],[147,1073747968],[132,1342177282],[119,1073741904],[107,1073876992],[96,1077952512],[86,1084227584],[76,1074790402],[67,1207960576],[60,1073742352],[53,1073742084],[46,1075839104],[40,1241513984],[34,1078001664],[28,1082130448],[23,1073742864],[18,1076101120],[14,1077936132],[11,1073741829],[8,1619001344],[5,1073872912],[3,8589934592]]]
[9,[67403776],848.479,[[218,1140851712],[199,1073741954],[180,3221225473],[162,1073741836],[147,1073747968],[132,1342177282],[119,1073741904],[107,1073876992],[96,1077952512],[86,1084227584],[76,1074790402],[67,1207960576],[60,1073742352],[53,1073742084],[46,1075839104],[40,1241513984],[34,1078001664],[28,1082130448],[23,1073742864],[18,1076101120],[14,1077936132],[11,1073741829],[8,1619001344],[5,1073872912],[3,8589934592]]]
[6,[268472320],415.725,[[218,1140851712],[199,1073741954],[180,3221225473],[162,1073741836],[147,1073747968],[132,1342177282],[119,1073741904],[107,1073876992],[96,1077952512],[86,1084227584],[76,1074790402],[67,1207960576],[60,1073742352],[53,1073742084],[46,1075839104],[40,1241513984],[34,1078001664],[28,1082130448],[23,1073742864],[18,1076101120],[14,1077936132],[11,1073741829],[8,1619001344],[5,1073872912],[3,8589934592]]]
[4,[40964],108.682,[[218,1140851712],[199,1073741954],[180,3221225473],[162,1073741836],[147,1073747968],[132,1342177282],[119,1073741904],[107,1073876992],[96,1077952512],[86,1084227584],[76,1074790402],[67,1207960576],[60,1073742352],[53,1073742084],[46,1075839104],[40,1241513984],[34,1078001664],[28,1082130448],[23,1073742864],[18,1076101120],[14,1077936132],[11,1073741829],[8,1619001344],[5,1073872912],[3,8589934592]]]
[2,[2147517440],113.644,[[218,1140851712],[199,1073741954],[180,3221225473],[162,1073741836],[147,1073747968],[132,1342177282],[119,1073741904],[107,1073876992],[96,1077952512],[86,1084227584],[76,1074790402],[67,1207960576],[60,1073742352],[53,1073742084],[46,1075839104],[40,1241513984],[34,1078001664],[28,1082130448],[23,1073742864],[18,1076101120],[14,1077936132],[11,1073741829],[8,1619001344],[5,1073872912],[3,8589934592]]]
[1,[4294967296],0,[[218,1140851712],[199,1073741954],[180,3221225473],[162,1073741836],[147,1073747968],[132,1342177282],[119,1073741904],[107,1073876992],[96,1077952512],[86,1084227584],[76,1074790402],[67,1207960576],[60,1073742352],[53,1073742084],[46,1075839104],[40,1241513984],[34,1078001664],[28,1082130448],[23,1073742864],[18,1076101120],[14,1077936132],[11,1073741829],[8,1619001344],[5,1073872912],[3,8589934592]]]
[218,[1140851712],421.707,[[217,16900],[198,68096],[179,33555200],[161,301990400],[146,16898],[131,67371520],[118,545],[106,272630272],[95,2576],[85,1049344],[75,1664],[66,537395712],[59,8389136],[52,4640],[45,1049089],[39,131592],[33,8389124],[27,16777736],[22,33559040],[17,536871488],[13,8389121],[10,262658],[7,17179869184]]]
[199,[1073741954],886.56,[[217,16900],[198,68096],[179,33555200],[161,301990400],[146,16898],[131,67371520],[118,545],[106,272630272],[95,2576],[85,1049344],[75,1664],[66,537395712],[59,8389136],[52,4640],[45,1049089],[39,131592],[33,8389124],[27,16777736],[22,33559040],[17,536871488],[13,8389121],[10,262658],[7,17179869184]]]
[180,[3221225473],739.622,[[217,16900],[198,68096],[179,33555200],[161,301990400],[146,16898],[131,67371520],[118,545],[106,272630272],[95,2576],[85,1049344],[75,1664],[66,537395712],[59,8389136],[52,4640],[45,1049089],[39,131592],[33,8389124],[27,16777736],[22,33559040],[17,536871488],[13,8389121],[10,262658],[7,17179869184]]]
[162,[1073741836],461.341,[[217,16900],[198,68096],[179,33555200],[161,301990400],[146,16898],[131,67371520],[118,545],[106,272630272],[95,2576],[85,1049344],[75,1664],[66,537395712],[59,8389136],[52,4640],[45,1049089],[39,131592],[33,8389124],[27,16777736],[22,33559040],[17,536871488],[13,8389121],[10,262658],[7,17179869184]]]
[147,[1073747968],558.895,[[217,16900],[198,68096],[179,33555200],[161,301990400],[146,16898],[131,67371520],[118,545],[106,272630272],[95,2576],[85,1049344],[75,1664],[66,537395712],[59,8389136],[52,4640],[45,1049089],[39,131592],[33,8389124],[27,16777736],[22,33559040],[17,536871488],[13,8389121],[10,262658],[7,17179869184]]]
[132,[1342177282],234.124,[[217,16900],[198,68096],[179,33555200],[161,301990400],[146,16898],[131,67371520],[118,545],[106,272630272],[95,2576],[85,1049344],[75,1664],[66,537395712],[59,8389136],[52,4640],[45,1049089],[39,131592],[33,8389124],[27,16777736],[22,33559040],[17,536871488],[13,8389121],[10,262658],[7,17179869184]]]
[119,[1073741904],409.307,[[217,16900],[198,68096],[179,33555200],[161,301990400],[146,16898],[131,67371520],[118,545],[106,272630272],[95,2576],[85,1049344],[75,1664],[66,537395712],[59,8389136],[52,4640],[45,1049089],[39,131592],[33,8389124],[27,16777736],[22,33559040],[17,536871488],[13,8389121],[10,262658],[7,17179869184]]]
[107,[1073876992],542.056,[[217,16900],[198,68096],[179,33555200],[161,301990400],[146,16898],[131,67371520],[118,545],[106,272630272],[95,2576],[85,1049344],[75,1664],[66,537395712],[59,8389136],[52,4640],[45,1049089],[39,131592],[33,8389124],[27,16777736],[22,33559040],[17,536871488],[13,8389121],[10,262658],[7,17179869184]]]
[96,[1077952512],918.743,[[217,16900],[198,68096],[179,33555200],[161,301990400],[146,16898],[131,67371520],[118,545],[106,272630272],[95,2576],[85,1049344],[75,1664],[66,537395712],[59,8389136],[52,4640],[45,1049089],[39,131592],[33,8389124],[27,16777736],[22,33559040],[17,536871488],[13,8389121],[10,262658],[7,17179869184]]]
[86,[1084227584],250.815,[[217,16900],[198,68096],[179,33555200],[161,301990400],[146,16898],[131,67371520],[118,545],[106,272630272],[95,2576],[85,1049344],[75,1664],[66,537395712],[59,8389136],[52,4640],[45,1049089],[39,131592],[33,8389124],[27,16777736],[22,33559040],[17,536871488],[13,8389121],[10,262658],[7,17179869184]]]
[76,[1074790402],46.7302,[[217,16900],[198,68096],[179,33555200],[161,301990400],[146,16898],[131,67371520],[118,545],[106,272630272],[95,2576],[85,1049344],[75,1664],[66,537395712],[59,8389136],[52,4640],[45,1049089],[39,131592],[33,8389124],[27,16777736],[22,33559040],[17,536871488],[13,8389121],[10,262658],[7,17179869184]]]
[67,[1207960576],705.74,[[217,16900],[198,68096],[179,33555200],[161,301990400],[146,16898],[131,67371520],[118,545],[106,272630272],[95,2576],[85,1049344],[75,1664],[66,537395712],[59,8389136],[52,4640],[45,1049089],[39,131592],[33,8389124],[27,16777736],[22,33559040],[17,536871488],[13,8389121],[10,262658],[7,17179869184]]]
[60,[1073742352],232.542,[[217,16900],[198,68096],[179,33555200],[161,301990400],[146,16898],[131,67371520],[118,545],[106,272630272],[95,2576],[85,1049344],[75,1664],[66,537395712],[59,8389136],[52,4640],[45,1049089],[39,131592],[33,8389124],[27,16777736],[22,33559040],[17,536871488],[13,8389121],[10,262658],[7,17179869184]]]
[53,[1073742084],854.764,[[217,16900],[198,68096],[179,33555200],[161,301990400],[146,16898],[131,67371520],[118,545],[106,272630272],[95,2576],[85,1049344],[75,1664],[66,537395712],[59,8389136],[52,4640],[45,1049089],[39,131592],[33,8389124],[27,16777736],[22,33559040],[17,536871488],[13,8389121],[10,262658],[7,17179869184]]]
[46,[1075839104],942.266,[[217,16900],[198,68096],[179,33555200],[161,301990400],[146,16898],[131,67371520],[118,545],[106,272630272],[95,2576],[85,1049344],[75,1664],[66,537395712],[59,8389136],[52,4640],[45,1049089],[39,131592],[33,8389124],[27,16777736],[22,33559040],[17,536871488],[13,8389121],[10,262658],[7,17179869184]]]
[40,[1241513984],950.589,[[217,16900],[198,68096],[179,33555200],[161,301990400],[146,16898],[131,67371520],[118,545],[106,272630272],[95,2576],[85,1049344],[75,1664],[66,537395712],[59,8389136],[52,4640],[45,1049089],[39,131592],[33,8389124],[27,16777736],[22,33559040],[17,536871488],[13,8389121],[10,262658],[7,17179869184]]]
[34,[1078001664],732.913,[[217,16900],[198,68096],[179,33555200],[161,301990400],[146,16898],[131,67371520],[118,545],[106,272630272],[95,2576],[85,1049344],[75,1664],[66,537395712],[59,8389136],[52,4640],[45,1049089],[39,131592],[33,8389124],[27,16777736],[22,33559040],[17,536871488],[13,8389121],[10,262658],[7,17179869184]]]
[28,[1082130448],272.118,[[217,16900],[198,68096],[179,33555200],[161,301990400],[146,16898],[131,67371520],[118,545],[106,272630272],[95,2576],[85,1049344],[75,1664],[66,537395712],[59,8389136],[52,4640],[45,1049089],[39,131592],[33,8389124],[27,16777736],[22,33559040],[17,536871488],[13,8389121],[10,262658],[7,17179869184]]]
[23,[1073742864],771.676,[[217,16900],[198,68096],[179,33555200],[161,301990400],[146,16898],[131,67371520],[118,545],[106,272630272],[95,2576],[85,1049344],[75,1664],[66,537395712],[59,8389136],[52,4640],[45,1049089],[39,131592],[33,8389124],[27,16777736],[22,33559040],[17,536871488],[13,8389121],[10,262658],[7,17179869184]]]
[18,[1076101120],240.297,[[217,16900],[198,68096],[179,33555200],[161,301990400],[146,16898],[131,67371520],[118,545],[106,272630272],[95,2576],[85,1049344],[75,1664],[66,537395712],[59,8389136],[52,4640],[45,1049089],[39,131592],[33,8389124],[27,16777736],[22,33559040],[17,536871488],[13,8389121],[10,262658],[7,17179869184]]]
[14,[1077936132],7.72681,[[217,16900],[198,68096],[179,33555200],[161,301990400],[146,16898],[131,67371520],[118,545],[106,272630272],[95,2576],[85,1049344],[75,1664],[66,537395712],[59,8389136],[52,4640],[45,1049089],[39,131592],[33,8389124],[27,16777736],[22,33559040],[17,536871488],[13,8389121],[10,262658],[7,17179869184]]]
[11,[1073741829],994.058,[[217,16900],[198,68096],[179,33555200],[161,301990400],[146,16898],[131,67371520],[118,545],[106,272630272],[95,2576],[85,1049344],[75,1664],[66,537395712],[59,8389136],[52,4640],[45,1049089],[39,131592],[33,8389124],[27,16777736],[22,33559040],[17,536871488],[13,8389121],[10,262658],[7,17179869184]]]
[8,[1619001344],334.171,[[217,16900],[198,68096],[179,33555200],[161,301990400],[146,16898],[131,67371520],[118,545],[106,272630272],[95,2576],[85,1049344],[75,1664],[66,537395712],[59,8389136],[52,4640],[45,1049089],[39,131592],[33,8389124],[27,16777736],[22,33559040],[17,536871488],[13,8389121],[10,262658],[7,17179869184]]]
[5,[1073872912],846.454,[[217,16900],[198,68096],[179,33555200],[161,301990400],[146,16898],[131,67371520],[118,545],[106,272630272],[95,2576],[85,1049344],[75,1664],[66,537395712],[59,8389136],[52,4640],[45,1049089],[39,131592],[33,8389124],[27,16777736],[22,33559040],[17,536871488],[13,8389121],[10,262658],[7,17179869184]]]
[3,[8589934592],0,[[217,16900],[198,68096],[179,33555200],[161,301990400],[146,16898],[131,67371520],[118,545],[106,272630272],[95,2576],[85,1049344],[75,1664],[66,537395712],[59,8389136],[52,4640],[45,1049089],[39,131592],[33,8389124],[27,16777736],[22,33559040],[17,536871488],[13,8389121],[10,262658],[7,17179869184]]]
[217,[16900],326.712,[[216,276826112],[197,33556488],[178,526340],[160,67373056],[145,18448],[130,2147616768],[117,2623488],[105,3104],[94,133376],[84,67585],[74,167774208],[65,2240],[58,268437536],[51,536873088],[44,16779296],[38,2103296],[32,2147489792],[26,35653632],[21,2432],[16,34359738368]]]
[198,[68096],747.97,[[216,276826112],[197,33556488],[178,526340],[160,67373056],[145,18448],[130,2147616768],[117,2623488],[105,3104],[94,133376],[84,67585],[74,167774208],[65,2240],[58,268437536],[51,536873088],[44,16779296],[38,2103296],[32,2147489792],[26,35653632],[21,2432],[16,34359738368]]]
[179,[33555200],462.323,[[216,276826112],[197,33556488],[178,526340],[160,67373056],[145,18448],[130,2147616768],[117,2623488],[105,3104],[94,133376],[84,67585],[74,167774208],[65,2240],[58,268437536],[51,536873088],[44,16779296],[38,2103296],[32,2147489792],[26,35653632],[21,2432],[16,34359738368]]]
[161,[301990400],182.795,[[216,276826112],[197,33556488],[178,526340],[160,67373056],[145,18448],[130,2147616768],[117,2623488],[105,3104],[94,133376],[84,67585],[74,167774208],[65,2240],[58,268437536],[51,536873088],[44,16779296],[38,2103296],[32,2147489792],[26,35653632],[21,2432],[16,34359738368]]]
[146,[16898],425.949,[[216,276826112],[197,33556488],[178,526340],[160,67373056],[145,18448],[130,2147616768],[117,2623488],[105,3104],[94,133376],[84,67585],[74,167774208],[65,2240],[58,268437536],[51,536873088],[44,16779296],[38,2103296],[32,2147489792],[26,35653632],[21,2432],[16,34359738368]]]
[131,[67371520],374.54,[[216,276826112],[197,33556488],[178,526340],[160,67373056],[145,18448],[130,2147616768],[117,2623488],[105,3104],[94,133376],[84,67585],[74,167774208],[65,2240],[58,268437536],[51,536873088],[44,16779296],[38,2103296],[32,2147489792],[26,35653632],[21,2432],[16,34359738368]]]
[118,[545],636.205,[[216,276826112],[197,33556488],[178,526340],[160,67373056],[145,18448],[130,2147616768],[117,2623488],[105,3104],[94,133376],[84,67585],[74,167774208],[65,2240],[58,268437536],[51,536873088],[44,16779296],[38,2103296],[32,2147489792],[26,35653632],[21,2432],[16,34359738368]]]
[106,[272630272],392.375,[[216,276826112],[197,33556488],[178,526340],[160,67373056],[145,18448],[130,2147616768],[117,2623488],[105,3104],[94,133376],[84,67585],[74,167774208],[65,2240],[58,268437536],[51,536873088],[44,16779296],[38,2103296],[32,2147489792],[26,35653632],[21,2432],[16,34359738368]]]
[95,[2576],331.068,[[216,276826112],[197,33556488],[178,526340],[160,67373056],[145,18448],[130,2147616768],[117,2623488],[105,3104],[94,133376],[84,67585],[74,167774208],[65,2240],[58,268437536],[51,536873088],[44,16779296],[38,2103296],[32,2147489792],[26,35653632],[21,2432],[16,34359738368]]]
[85,[1049344],33.1117,[[216,276826112],[197,33556488],[178,526340],[160,67373056],[145,18448],[130,2147616768],[117,2623488],[105,3104],[94,133376],[84,67585],[74,167774208],[65,2240],[58,268437536],[51,536873088],[44,16779296],[38,2103296],[32,2147489792],[26,35653632],[21,2432],[16,34359738368]]]
[75,[1664],455.72,[[216,276826112],[197,33556488],[178,526340],[160,67373056],[145,18448],[130,2147616768],[117,2623488],[105,3104],[94,133376],[84,67585],[74,167774208],[65,2240],[58,268437536],[51,536873088],[44,16779296],[38,2103296],[32,2147489792],[26,35653632],[21,2432],[16,34359738368]]]
[66,[537395712],958.426,[[216,276826112],[197,33556488],[178,526340],[160,67373056],[145,18448],[130,2147616768],[117,2623488],[105,3104],[94,133376],[84,67585],[74,167774208],[65,2240],[58,268437536],[51,536873088],[44,16779296],[38,2103296],[32,2147489792],[26,35653632],[21,2432],[16,34359738368]]]
[59,[8389136],737.782,[[216,276826112],[197,33556488],[178,526340],[160,67373056],[145,18448],[130,2147616768],[117,2623488],[105,3104],[94,133376],[84,67585],[74,167774208],[65,2240],[58,268437536],[51,536873088],[44,16779296],[38,2103296],[32,2147489792],[26,35653632],[21,2432],[16,34359738368]]]
[52,[4640],808.782,[[216,276826112],[197,33556488],[178,526340],[160,67373056],[145,18448],[130,2147616768],[117,2623488],[105,3104],[94,133376],[84,67585],[74,167774208],[65,2240],[58,268437536],[51,536873088],[44,16779296],[38,2103296],[32,2147489792],[26,35653632],[21,2432],[16,34359738368]]]
[45,[1049089],374.117,[[216,276826112],[197,33556488],[178,526340],[160,67373056],[145,18448],[130,2147616768],[117,2623488],[105,3104],[94,133376],[84,67585],[74,167774208],[65,2240],[58,268437536],[51,536873088],[44,16779296],[38,2103296],[32,2147489792],[26,35653632],[21,2432],[16,34359738368]]]
[39,[131592],534.837,[[216,276826112],[197,33556488],[178,526340],[160,67373056],[145,18448],[130,2147616768],[117,2623488],[105,3104],[94,133376],[84,67585],[74,167774208],[65,2240],[58,268437536],[51,536873088],[44,16779296],[38,2103296],[32,2147489792],[26,35653632],[21,2432],[16,34359738368]]]
[33,[8389124],248.648,[[216,276826112],[197,33556488],[178,526340],[160,67373056],[145,18448],[130,2147616768],[117,2623488],[105,3104],[94,133376],[84,67585],[74,167774208],[65,2240],[58,268437536],[51,536873088],[44,16779296],[38,2103296],[32,2147489792],[26,35653632],[21,2432],[16,34359738368]]]
[27,[16777736],211.925,[[216,276826112],[197,33556488],[178,526340],[160,67373056],[145,18448],[130,2147616768],[117,2623488],[105,3104],[94,133376],[84,67585],[74,167774208],[65,2240],[58,268437536],[51,536873088],[44,16779296],[38,2103296],[32,2147489792],[26,35653632],[21,2432],[16,34359738368]]]
[22,[33559040],578.117,[[216,276826112],[197,33556488],[178,526340],[160,67373056],[145,18448],[130,2147616768],[117,2623488],[105,3104],[94,133376],[84,67585],[74,167774208],[65,2240],[58,268437536],[51,536873088],[44,16779296],[38,2103296],[32,2147489792],[26,35653632],[21,2432],[16,34359738368]]]
[17,[536871488],948.071,[[216,276826112],[197,33556488],[178,526340],[160,67373056],[145,18448],[130,2147616768],[117,2623488],[105,3104],[94,133376],[84,67585],[74,167774208],[65,2240],[58,268437536],[51,536873088],[44,16779296],[38,2103296],[32,2147489792],[26,35653632],[21,2432],[16,34359738368]]]
[13,[8389121],710.048,[[216,276826112],[197,33556488],[178,526340],[160,67373056],[145,18448],[130,2147616768],[117,2623488],[105,3104],[94,133376],[84,67585],[74,167774208],[65,2240],[58,268437536],[51,536873088],[44,16779296],[38,2103296],[32,2147489792],[26,35653632],[21,2432],[16,34359738368]]]
[10,[262658],613.29,[[216,276826112],[197,33556488],[178,526340],[160,67373056],[145,18448],[130,2147616768],[117,2623488],[105,3104],[94,133376],[84,67585],[74,167774208],[65,2240],[58,268437536],[51,536873088],[44,16779296],[38,2103296],[32,2147489792],[26,35653632],[21,2432],[16,34359738368]]]
[7,[17179869184],0,[[216,276826112],[197,33556488],[178,526340],[160,67373056],[145,18448],[130,2147616768],[117,2623488],[105,3104],[94,133376],[84,67585],[74,167774208],[65,2240],[58,268437536],[51,536873088],[44,16779296],[38,2103296],[32,2147489792],[26,35653632],[21,2432],[16,34359738368]]]
[216,[276826112],853.867,[[215,50331652],[196,17302528],[177,16777221],[159,16777225],[144,83951616],[129,23068672],[116,83886336],[104,83886081],[93,285212736],[83,50331649],[73,151060480],[64,16908320],[57,16842760],[50,18939904],[43,16778248],[37,18874372],[31,17956864],[25,16777473],[20,68719476736]]]
[197,[33556488],273.53,[[215,50331652],[196,17302528],[177,16777221],[159,16777225],[144,83951616],[129,23068672],[116,83886336],[104,83886081],[93,285212736],[83,50331649],[73,151060480],[64,16908320],[57,16842760],[50,18939904],[43,16778248],[37,18874372],[31,17956864],[25,16777473],[20,68719476736]]]
[178,[526340],665.988,[[215,50331652],[196,17302528],[177,16777221],[159,16777225],[144,83951616],[129,23068672],[116,83886336],[104,83886081],[93,285212736],[83,50331649],[73,151060480],[64,16908320],[57,16842760],[50,18939904],[43,16778248],[37,18874372],[31,17956864],[25,16777473],[20,68719476736]]]
[160,[67373056],207.763,[[215,50331652],[196,17302528],[177,16777221],[159,16777225],[144,83951616],[129,23068672],[116,83886336],[104,83886081],[93,285212736],[83,50331649],[73,151060480],[64,16908320],[57,16842760],[50,18939904],[43,16778248],[37,18874372],[31,17956864],[25,16777473],[20,68719476736]]]
[145,[18448],323.535,[[215,50331652],[196,17302528],[177,16777221],[159,16777225],[144,83951616],[129,23068672],[116,83886336],[104,83886081],[93,285212736],[83,50331649],[73,151060480],[64,16908320],[57,16842760],[50,18939904],[43,16778248],[37,18874372],[31,17956864],[25,16777473],[20,68719476736]]]
[130,[2147616768],507.435,[[215,50331652],[196,17302528],[177,16777221],[159,16777225],[144,83951616],[129,23068672],[116,83886336],[104,83886081],[93,285212736],[83,50331649],[73,151060480],[64,16908320],[57,16842760],[50,18939904],[43,16778248],[37,18874372],[31,17956864],[25,16777473],[20,68719476736]]]
[117,[2623488],591.797,[[215,50331652],[196,17302528],[177,16777221],[159,16777225],[144,83951616],[129,23068672],[116,83886336],[104,83886081],[93,285212736],[83,50331649],[73,151060480],[64,16908320],[57,16842760],[50,18939904],[43,16778248],[37,18874372],[31,17956864],[25,16777473],[20,68719476736]]]
[105,[3104],544.758,[[215,50331652],[196,17302528],[177,16777221],[159,16777225],[144,83951616],[129,23068672],[116,83886336],[104,83886081],[93,285212736],[83,50331649],[73,151060480],[64,16908320],[57,16842760],[50,18939904],[43,16778248],[37,18874372],[31,17956864],[25,16777473],[20,68719476736]]]
[94,[133376],610.739,[[215,50331652],[196,17302528],[177,16777221],[159,16777225],[144,83951616],[129,23068672],[116,83886336],[104,83886081],[93,285212736],[83,50331649],[73,151060480],[64,16908320],[57,16842760],[50,18939904],[43,16778248],[37,18874372],[31,17956864],[25,16777473],[20,68719476736]]]
[84,[67585],394.995,[[215,50331652],[196,17302528],[177,16777221],[159,16777225],[144,83951616],[129,23068672],[116,83886336],[104,83886081],[93,285212736],[83,50331649],[73,151060480],[64,16908320],[57,16842760],[50,18939904],[43,16778248],[37,18874372],[31,17956864],[25,16777473],[20,68719476736]]]
[74,[167774208],629.969,[[215,50331652],[196,17302528],[177,16777221],[159,16777225],[144,83951616],[129,23068672],[116,83886336],[104,83886081],[93,285212736],[83,50331649],[73,151060480],[64,16908320],[57,16842760],[50,18939904],[43,16778248],[37,18874372],[31,17956864],[25,16777473],[20,68719476736]]]
[65,[2240],570.69,[[215,50331652],[196,17302528],[177,16777221],[159,16777225],[144,83951616],[129,23068672],[116,83886336],[104,83886081],[93,285212736],[83,50331649],[73,151060480],[64,16908320],[57,16842760],[50,18939904],[43,16778248],[37,18874372],[31,17956864],[25,16777473],[20,68719476736]]]
[58,[268437536],681.81,[[215,50331652],[196,17302528],[177,16777221],[159,16777225],[144,83951616],[129,23068672],[116,83886336],[104,83886081],[93,285212736],[83,50331649],[73,151060480],[64,16908320],[57,16842760],[50,18939904],[43,16778248],[37,18874372],[31,17956864],[25,16777473],[20,68719476736]]]
[51,[536873088],734.863,[[215,50331652],[196,17302528],[177,16777221],[159,16777225],[144,83951616],[129,23068672],[116,83886336],[104,83886081],[93,285212736],[83,50331649],[73,151060480],[64,16908320],[57,16842760],[50,18939904],[43,16778248],[37,18874372],[31,17956864],[25,16777473],[20,68719476736]]]
[44,[16779296],680.208,[[215,50331652],[196,17302528],[177,16777221],[159,16777225],[144,83951616],[129,23068672],[116,83886336],[104,83886081],[93,285212736],[83,50331649],[73,151060480],[64,16908320],[57,16842760],[50,18939904],[43,16778248],[37,18874372],[31,17956864],[25,16777473],[20,68719476736]]]
[38,[2103296],125.162,[[215,50331652],[196,17302528],[177,16777221],[159,16777225],[144,83951616],[129,23068672],[116,83886336],[104,83886081],[93,285212736],[83,50331649],[73,151060480],[64,16908320],[57,16842760],[50,18939904],[43,16778248],[37,18874372],[31,17956864],[25,16777473],[20,68719476736]]]
[32,[2147489792],958.108,[[215,50331652],[196,17302528],[177,16777221],[159,16777225],[144,83951616],[129,23068672],[116,83886336],[104,83886081],[93,285212736],[83,50331649],[73,151060480],[64,16908320],[57,16842760],[50,18939904],[43,16778248],[37,18874372],[31,17956864],[25,16777473],[20,68719476736]]]
[26,[35653632],88.6481,[[215,50331652],[196,17302528],[177,16777221],[159,16777225],[144,83951616],[129,23068672],[116,83886336],[104,83886081],[93,285212736],[83,50331649],[73,151060480],[64,16908320],[57,16842760],[50,18939904],[43,16778248],[37,18874372],[31,17956864],[25,16777473],[20,68719476736]]]
[21,[2432],248.343,[[215,50331652],[196,17302528],[177,16777221],[159,16777225],[144,83951616],[129,23068672],[116,83886336],[104,83886081],[93,285212736],[83,50331649],[73,151060480],[64,16908320],[57,16842760],[50,18939904],[43,16778248],[37,18874372],[31,17956864],[25,16777473],[20,68719476736]]]
[16,[34359738368],0,[[215,50331652],[196,17302528],[177,16777221],[159,16777225],[144,83951616],[129,23068672],[116,83886336],[104,83886081],[93,285212736],[83,50331649],[73,151060480],[64,16908320],[57,16842760],[50,18939904],[43,16778248],[37,18874372],[31,17956864],[25,16777473],[20,68719476736]]]
[215,[50331652],438.669,[[214,71434240],[195,5243136],[176,541066240],[158,4194369],[143,4202498],[128,138428416],[115,4194384],[103,12582920],[92,4202528],[82,4202512],[72,4722688],[63,541065218],[56,46137344],[49,2151682048],[42,5242912],[36,4194344],[30,137438953472]]]
[196,[17302528],680.953,[[214,71434240],[195,5243136],[176,541066240],[158,4194369],[143,4202498],[128,138428416],[115,4194384],[103,12582920],[92,4202528],[82,4202512],[72,4722688],[63,541065218],[56,46137344],[49,2151682048],[42,5242912],[36,4194344],[30,137438953472]]]
[177,[16777221],758,[[214,71434240],[195,5243136],[176,541066240],[158,4194369],[143,4202498],[128,138428416],[115,4194384],[103,12582920],[92,4202528],[82,4202512],[72,4722688],[63,541065218],[56,46137344],[49,2151682048],[42,5242912],[36,4194344],[30,137438953472]]]
[159,[16777225],987.082,[[214,71434240],[195,5243136],[176,541066240],[158,4194369],[143,4202498],[128,138428416],[115,4194384],[103,12582920],[92,4202528],[82,4202512],[72,4722688],[63,541065218],[56,46137344],[49,2151682048],[42,5242912],[36,4194344],[30,137438953472]]]
[144,[83951616],642.693,[[214,71434240],[195,5243136],[176,541066240],[158,4194369],[143,4202498],[128,138428416],[115,4194384],[103,12582920],[92,4202528],[82,4202512],[72,4722688],[63,541065218],[56,46137344],[49,2151682048],[42,5242912],[36,4194344],[30,137438953472]]]
[129,[23068672],682.364,[[214,71434240],[195,5243136],[176,541066240],[158,4194369],[143,4202498],[128,138428416],[115,4194384],[103,12582920],[92,4202528],[82,4202512],[72,4722688],[63,541065218],[56,46137344],[49,2151682048],[42,5242912],[36,4194344],[30,137438953472]]]
[116,[83886336],700.234,[[214,71434240],[195,5243136],[176,541066240],[158,4194369],[143,4202498],[128,138428416],[115,4194384],[103,12582920],[92,4202528],[82,4202512],[72,4722688],[63,541065218],[56,46137344],[49,2151682048],[42,5242912],[36,4194344],[30,137438953472]]]
[104,[83886081],214.048,[[214,71434240],[195,5243136],[176,541066240],[158,4194369],[143,4202498],[128,138428416],[115,4194384],[103,12582920],[92,4202528],[82,4202512],[72,4722688],[63,541065218],[56,46137344],[49,2151682048],[42,5242912],[36,4194344],[30,137438953472]]]
[93,[285212736],331.842,[[214,71434240],[195,5243136],[176,541066240],[158,4194369],[143,4202498],[128,138428416],[115,4194384],[103,12582920],[92,4202528],[82,4202512],[72,4722688],[63,541065218],[56,46137344],[49,2151682048],[42,5242912],[36,4194344],[30,137438953472]]]
[83,[50331649],262.857,[[214,71434240],[195,5243136],[176,541066240],[158,4194369],[143,4202498],[128,138428416],[115,4194384],[103,12582920],[92,4202528],[82,4202512],[72,4722688],[63,541065218],[56,46137344],[49,2151682048],[42,5242912],[36,4194344],[30,137438953472]]]
[73,[151060480],485.588,[[214,71434240],[195,5243136],[176,541066240],[158,4194369],[143,4202498],[128,138428416],[115,4194384],[103,12582920],[92,4202528],[82,4202512],[72,4722688],[63,541065218],[56,46137344],[49,2151682048],[42,5242912],[36,4194344],[30,137438953472]]]
[64,[16908320],371.959,[[214,71434240],[195,5243136],[176,541066240],[158,4194369],[143,4202498],[128,138428416],[115,4194384],[103,12582920],[92,4202528],[82,4202512],[72,4722688],[63,541065218],[56,46137344],[49,2151682048],[42,5242912],[36,4194344],[30,137438953472]]]
[57,[16842760],760.703,[[214,71434240],[195,5243136],[176,541066240],[158,4194369],[143,4202498],[128,138428416],[115,4194384],[103,12582920],[92,4202528],[82,4202512],[72,4722688],[63,541065218],[56,46137344],[49,2151682048],[42,5242912],[36,4194344],[30,137438953472]]]
[50,[18939904],676.055,[[214,71434240],[195,5243136],[176,541066240],[158,4194369],[143,4202498],[128,138428416],[115,4194384],[103,12582920],[92,4202528],[82,4202512],[72,4722688],[63,541065218],[56,46137344],[49,2151682048],[42,5242912],[36,4194344],[30,137438953472]]]
[43,[16778248],800.905,[[214,71434240],[195,5243136],[176,541066240],[158,4194369],[143,4202498],[128,138428416],[115,4194384],[103,12582920],[92,4202528],[82,4202512],[72,4722688],[63,541065218],[56,46137344],[49,2151682048],[42,5242912],[36,4194344],[30,137438953472]]]
[37,[18874372],372.359,[[214,71434240],[195,5243136],[176,541066240],[158,4194369],[143,4202498],[128,138428416],[115,4194384],[103,12582920],[92,4202528],[82,4202512],[72,4722688],[63,541065218],[56,46137344],[49,2151682048],[42,5242912],[36,4194344],[30,137438953472]]]
[31,[17956864],395.449,[[214,71434240],[195,5243136],[176,541066240],[158,4194369],[143,4202498],[128,138428416],[115,4194384],[103,12582920],[92,4202528],[82,4202512],[72,4722688],[63,541065218],[56,46137344],[49,2151682048],[42,5242912],[36,4194344],[30,137438953472]]]
[25,[16777473],345.031,[[214,71434240],[195,5243136],[176,541066240],[158,4194369],[143,4202498],[128,138428416],[115,4194384],[103,12582920],[92,4202528],[82,4202512],[72,4722688],[63,541065218],[56,46137344],[49,2151682048],[42,5242912],[36,4194344],[30,137438953472]]]
[20,[68719476736],0,[[214,71434240],[195,5243136],[176,541066240],[158,4194369],[143,4202498],[128,138428416],[115,4194384],[103,12582920],[92,4202528],[82,4202512],[72,4722688],[63,541065218],[56,46137344],[49,2151682048],[42,5242912],[36,4194344],[30,137438953472]]]
[214,[71434240],424.159,[[213,8913920],[194,1057792],[175,1049602],[157,134218768],[142,301990912],[127,17416],[114,68158464],[102,536872000],[91,276825088],[81,1092],[71,132112],[62,134349824],[55,2098184],[48,274877906944]]]
[195,[5243136],454.681,[[213,8913920],[194,1057792],[175,1049602],[157,134218768],[142,301990912],[127,17416],[114,68158464],[102,536872000],[91,276825088],[81,1092],[71,132112],[62,134349824],[55,2098184],[48,274877906944]]]
[176,[541066240],803.822,[[213,8913920],[194,1057792],[175,1049602],[157,134218768],[142,301990912],[127,17416],[114,68158464],[102,536872000],[91,276825088],[81,1092],[71,132112],[62,134349824],[55,2098184],[48,274877906944]]]
[158,[4194369],673.271,[[213,8913920],[194,1057792],[175,1049602],[157,134218768],[142,301990912],[127,17416],[114,68158464],[102,536872000],[91,276825088],[81,1092],[71,132112],[62,134349824],[55,2098184],[48,274877906944]]]
[143,[4202498],517.05,[[213,8913920],[194,1057792],[175,1049602],[157,134218768],[142,301990912],[127,17416],[114,68158464],[102,536872000],[91,276825088],[81,1092],[71,132112],[62,134349824],[55,2098184],[48,274877906944]]]
[128,[138428416],23.4252,[[213,8913920],[194,1057792],[175,1049602],[157,134218768],[142,301990912],[127,17416],[114,68158464],[102,536872000],[91,276825088],[81,1092],[71,132112],[62,134349824],[55,2098184],[48,274877906944]]]
[115,[4194384],689.624,[[213,8913920],[194,1057792],[175,1049602],[157,134218768],[142,301990912],[127,17416],[114,68158464],[102,536872000],[91,276825088],[81,1092],[71,132112],[62,134349824],[55,2098184],[48,274877906944]]]
[103,[12582920],685.598,[[213,8913920],[194,1057792],[175,1049602],[157,134218768],[142,301990912],[127,17416],[114,68158464],[102,536872000],[91,276825088],[81,1092],[71,132112],[62,134349824],[55,2098184],[48,274877906944]]]
[92,[4202528],706.795,[[213,8913920],[194,1057792],[175,1049602],[157,134218768],[142,301990912],[127,17416],[114,68158464],[102,536872000],[91,276825088],[81,1092],[71,132112],[62,134349824],[55,2098184],[48,274877906944]]]
[82,[4202512],629.203,[[213,8913920],[194,1057792],[175,1049602],[157,134218768],[142,301990912],[127,17416],[114,68158464],[102,536872000],[91,276825088],[81,1092],[71,132112],[62,134349824],[55,2098184],[48,274877906944]]]
[72,[4722688],238.405,[[213,8913920],[194,1057792],[175,1049602],[157,134218768],[142,301990912],[127,17416],[114,68158464],[102,536872000],[91,276825088],[81,1092],[71,132112],[62,134349824],[55,2098184],[48,274877906944]]]
[63,[541065218],86.4601,[[213,8913920],[194,1057792],[175,1049602],[157,134218768],[142,301990912],[127,17416],[114,68158464],[102,536872000],[91,276825088],[81,1092],[71,132112],[62,134349824],[55,2098184],[48,274877906944]]]
[56,[46137344],399.468,[[213,8913920],[194,1057792],[175,1049602],[157,134218768],[142,301990912],[127,17416],[114,68158464],[102,536872000],[91,276825088],[81,1092],[71,132112],[62,134349824],[55,2098184],[48,274877906944]]]
[49,[2151682048],366.891,[[213,8913920],[194,1057792],[175,1049602],[157,134218768],[142,301990912],[127,17416],[114,68158464],[102,536872000],[91,276825088],[81,1092],[71,132112],[62,134349824],[55,2098184],[48,274877906944]]]
[42,[5242912],28.4434,[[213,8913920],[194,1057792],[175,1049602],[157,134218768],[142,301990912],[127,17416],[114,68158464],[102,536872000],[91,276825088],[81,1092],[71,132112],[62,134349824],[55,2098184],[48,274877906944]]]
[36,[4194344],561.627,[[213,8913920],[194,1057792],[175,1049602],[157,134218768],[142,301990912],[127,17416],[114,68158464],[102,536872000],[91,276825088],[81,1092],[71,132112],[62,134349824],[55,2098184],[48,274877906944]]]
[30,[137438953472],0,[[213,8913920],[194,1057792],[175,1049602],[157,134218768],[142,301990912],[127,17416],[114,68158464],[102,536872000],[91,276825088],[81,1092],[71,132112],[62,134349824],[55,2098184],[48,274877906944]]]
[213,[8913920],20.83,[[212,131329],[193,278784],[174,8405248],[156,33554752],[141,1048836],[126,1048960],[113,262401],[101,524608],[90,134222080],[80,532736],[70,549755813888]]]
[194,[1057792],7.75945,[[212,131329],[193,278784],[174,8405248],[156,33554752],[141,1048836],[126,1048960],[113,262401],[101,524608],[90,134222080],[80,532736],[70,549755813888]]]
[175,[1049602],42.305,[[212,131329],[193,278784],[174,8405248],[156,33554752],[141,1048836],[126,1048960],[113,262401],[101,524608],[90,134222080],[80,532736],[70,549755813888]]]
[157,[134218768],612.029,[[212,131329],[193,278784],[174,8405248],[156,33554752],[141,1048836],[126,1048960],[113,262401],[101,524608],[90,134222080],[80,532736],[70,549755813888]]]
[142,[301990912],58.5008,[[212,131329],[193,278784],[174,8405248],[156,33554752],[141,1048836],[126,1048960],[113,262401],[101,524608],[90,134222080],[80,532736],[70,549755813888]]]
[127,[17416],536.827,[[212,131329],[193,278784],[174,8405248],[156,33554752],[141,1048836],[126,1048960],[113,262401],[101,524608],[90,134222080],[80,532736],[70,549755813888]]]
[114,[68158464],285.915,[[212,131329],[193,278784],[174,8405248],[156,33554752],[141,1048836],[126,1048960],[113,262401],[101,524608],[90,134222080],[80,532736],[70,549755813888]]]
[102,[536872000],633.188,[[212,131329],[193,278784],[174,8405248],[156,33554752],[141,1048836],[126,1048960],[113,262401],[101,524608],[90,134222080],[80,532736],[70,549755813888]]]
[91,[276825088],620.447,[[212,131329],[193,278784],[174,8405248],[156,33554752],[141,1048836],[126,1048960],[113,262401],[101,524608],[90,134222080],[80,532736],[70,549755813888]]]
[81,[1092],19.7386,[[212,131329],[193,278784],[174,8405248],[156,33554752],[141,1048836],[126,1048960],[113,262401],[101,524608],[90,134222080],[80,532736],[70,549755813888]]]
[71,[132112],640.441,[[212,131329],[193,278784],[174,8405248],[156,33554752],[141,1048836],[126,1048960],[113,262401],[101,524608],[90,134222080],[80,532736],[70,549755813888]]]
[62,[134349824],567.09,[[212,131329],[193,278784],[174,8405248],[156,33554752],[141,1048836],[126,1048960],[113,262401],[101,524608],[90,134222080],[80,532736],[70,549755813888]]]
[55,[2098184],885.234,[[212,131329],[193,278784],[174,8405248],[156,33554752],[141,1048836],[126,1048960],[113,262401],[101,524608],[90,134222080],[80,532736],[70,549755813888]]]
[48,[274877906944],0,[[212,131329],[193,278784],[174,8405248],[156,33554752],[141,1048836],[126,1048960],[113,262401],[101,524608],[90,134222080],[80,532736],[70,549755813888]]]
[212,[131329],285.261,[[211,2149711872],[192,3145736],[173,35651586],[155,136445952],[140,2097161],[125,3145856],[112,2629632],[100,539492352],[89,2097218],[79,2621456],[69,1099511627776]]]
[193,[278784],489.554,[[211,2149711872],[192,3145736],[173,35651586],[155,136445952],[140,2097161],[125,3145856],[112,2629632],[100,539492352],[89,2097218],[79,2621456],[69,1099511627776]]]
[174,[8405248],120.48,[[211,2149711872],[192,3145736],[173,35651586],[155,136445952],[140,2097161],[125,3145856],[112,2629632],[100,539492352],[89,2097218],[79,2621456],[69,1099511627776]]]
[156,[33554752],313.957,[[211,2149711872],[192,3145736],[173,35651586],[155,136445952],[140,2097161],[125,3145856],[112,2629632],[100,539492352],[89,2097218],[79,2621456],[69,1099511627776]]]
[141,[1048836],80.6545,[[211,2149711872],[192,3145736],[173,35651586],[155,136445952],[140,2097161],[125,3145856],[112,2629632],[100,539492352],[89,2097218],[79,2621456],[69,1099511627776]]]
[126,[1048960],239.886,[[211,2149711872],[192,3145736],[173,35651586],[155,136445952],[140,2097161],[125,3145856],[112,2629632],[100,539492352],[89,2097218],[79,2621456],[69,1099511627776]]]
[113,[262401],762.207,[[211,2149711872],[192,3145736],[173,35651586],[155,136445952],[140,2097161],[125,3145856],[112,2629632],[100,539492352],[89,2097218],[79,2621456],[69,1099511627776]]]
[101,[524608],771.722,[[211,2149711872],[192,3145736],[173,35651586],[155,136445952],[140,2097161],[125,3145856],[112,2629632],[100,539492352],[89,2097218],[79,2621456],[69,1099511627776]]]
[90,[134222080],320.507,[[211,2149711872],[192,3145736],[173,35651586],[155,136445952],[140,2097161],[125,3145856],[112,2629632],[100,539492352],[89,2097218],[79,2621456],[69,1099511627776]]]
[80,[532736],552.025,[[211,2149711872],[192,3145736],[173,35651586],[155,136445952],[140,2097161],[125,3145856],[112,2629632],[100,539492352],[89,2097218],[79,2621456],[69,1099511627776]]]
[70,[549755813888],0,[[211,2149711872],[192,3145736],[173,35651586],[155,136445952],[140,2097161],[125,3145856],[112,2629632],[100,539492352],[89,2097218],[79,2621456],[69,1099511627776]]]
[211,[2149711872],38.31,[[210,268763136],[191,2155937792],[172,2147553280],[154,75563008],[139,196640],[124,1114114],[111,200704],[99,327688],[88,2214658048],[78,2199023255552]]]
[192,[3145736],156.731,[[210,268763136],[191,2155937792],[172,2147553280],[154,75563008],[139,196640],[124,1114114],[111,200704],[99,327688],[88,2214658048],[78,2199023255552]]]
[173,[35651586],113.718,[[210,268763136],[191,2155937792],[172,2147553280],[154,75563008],[139,196640],[124,1114114],[111,200704],[99,327688],[88,2214658048],[78,2199023255552]]]
[155,[136445952],877.458,[[210,268763136],[191,2155937792],[172,2147553280],[154,75563008],[139,196640],[124,1114114],[111,200704],[99,327688],[88,2214658048],[78,2199023255552]]]
[140,[2097161],984.191,[[210,268763136],[191,2155937792],[172,2147553280],[154,75563008],[139,196640],[124,1114114],[111,200704],[99,327688],[88,2214658048],[78,2199023255552]]]
[125,[3145856],220.699,[[210,268763136],[191,2155937792],[172,2147553280],[154,75563008],[139,196640],[124,1114114],[111,200704],[99,327688],[88,2214658048],[78,2199023255552]]]
[112,[2629632],329.966,[[210,268763136],[191,2155937792],[172,2147553280],[154,75563008],[139,196640],[124,1114114],[111,200704],[99,327688],[88,2214658048],[78,2199023255552]]]
[100,[539492352],549.118,[[210,268763136],[191,2155937792],[172,2147553280],[154,75563008],[139,196640],[124,1114114],[111,200704],[99,327688],[88,2214658048],[78,2199023255552]]]
[89,[2097218],630.374,[[210,268763136],[191,2155937792],[172,2147553280],[154,75563008],[139,196640],[124,1114114],[111,200704],[99,327688],[88,2214658048],[78,2199023255552]]]
[79,[2621456],581.344,[[210,268763136],[191,2155937792],[172,2147553280],[154,75563008],[139,196640],[124,1114114],[111,200704],[99,327688],[88,2214658048],[78,2199023255552]]]
[69,[1099511627776],0,[[210,268763136],[191,2155937792],[172,2147553280],[154,75563008],[139,196640],[124,1114114],[111,200704],[99,327688],[88,2214658048],[78,2199023255552]]]
[210,[268763136],374.756,[[209,301990016],[190,33816608],[171,2181562368],[153,33685512],[138,41943044],[123,101711872],[110,33832960],[98,4398046511104]]]
[191,[2155937792],930.566,[[209,301990016],[190,33816608],[171,2181562368],[153,33685512],[138,41943044],[123,101711872],[110,33832960],[98,4398046511104]]]
[172,[2147553280],153.379,[[209,301990016],[190,33816608],[171,2181562368],[153,33685512],[138,41943044],[123,101711872],[110,33832960],[98,4398046511104]]]
[154,[75563008],658.303,[[209,301990016],[190,33816608],[171,2181562368],[153,33685512],[138,41943044],[123,101711872],[110,33832960],[98,4398046511104]]]
[139,[196640],410.185,[[209,301990016],[190,33816608],[171,2181562368],[153,33685512],[138,41943044],[123,101711872],[110,33832960],[98,4398046511104]]]
[124,[1114114],338.195,[[209,301990016],[190,33816608],[171,2181562368],[153,33685512],[138,41943044],[123,101711872],[110,33832960],[98,4398046511104]]]
[111,[200704],942.697,[[209,301990016],[190,33816608],[171,2181562368],[153,33685512],[138,41943044],[123,101711872],[110,33832960],[98,4398046511104]]]
[99,[327688],742.582,[[209,301990016],[190,33816608],[171,2181562368],[153,33685512],[138,41943044],[123,101711872],[110,33832960],[98,4398046511104]]]
[88,[2214658048],303.262,[[209,301990016],[190,33816608],[171,2181562368],[153,33685512],[138,41943044],[123,101711872],[110,33832960],[98,4398046511104]]]
[78,[2199023255552],0,[[209,301990016],[190,33816608],[171,2181562368],[153,33685512],[138,41943044],[123,101711872],[110,33832960],[98,4398046511104]]]
[209,[301990016],173.732,[[208,2147483651],[189,262177],[170,75497473],[152,524293],[137,524291],[122,25],[109,8796093022208]]]
[190,[33816608],403.45,[[208,2147483651],[189,262177],[170,75497473],[152,524293],[137,524291],[122,25],[109,8796093022208]]]
[171,[2181562368],545.472,[[208,2147483651],[189,262177],[170,75497473],[152,524293],[137,524291],[122,25],[109,8796093022208]]]
[153,[33685512],473.896,[[208,2147483651],[189,262177],[170,75497473],[152,524293],[137,524291],[122,25],[109,8796093022208]]]
[138,[41943044],838.827,[[208,2147483651],[189,262177],[170,75497473],[152,524293],[137,524291],[122,25],[109,8796093022208]]]
[123,[101711872],357.212,[[208,2147483651],[189,262177],[170,75497473],[152,524293],[137,524291],[122,25],[109,8796093022208]]]
[110,[33832960],723.842,[[208,2147483651],[189,262177],[170,75497473],[152,524293],[137,524291],[122,25],[109,8796093022208]]]
[98,[4398046511104],0,[[208,2147483651],[189,262177],[170,75497473],[152,524293],[137,524291],[122,25],[109,8796093022208]]]
[208,[2147483651],793.833,[[207,2684354592],[188,671088672],[169,536887312],[151,612368384],[136,537018368],[121,17592186044416]]]
[189,[262177],378.214,[[207,2684354592],[188,671088672],[169,536887312],[151,612368384],[136,537018368],[121,17592186044416]]]
[170,[75497473],113.714,[[207,2684354592],[188,671088672],[169,536887312],[151,612368384],[136,537018368],[121,17592186044416]]]
[152,[524293],885.485,[[207,2684354592],[188,671088672],[169,536887312],[151,612368384],[136,537018368],[121,17592186044416]]]
[137,[524291],391.7,[[207,2684354592],[188,671088672],[169,536887312],[151,612368384],[136,537018368],[121,17592186044416]]]
[122,[25],404.362,[[207,2684354592],[188,671088672],[169,536887312],[151,612368384],[136,537018368],[121,17592186044416]]]
[109,[8796093022208],0,[[207,2684354592],[188,671088672],[169,536887312],[151,612368384],[136,537018368],[121,17592186044416]]]
[207,[2684354592],402.752,[[206,162],[187,4226],[168,8210],[150,268697602],[135,35184372088832]]]
[188,[671088672],994.157,[[206,162],[187,4226],[168,8210],[150,268697602],[135,35184372088832]]]
[169,[536887312],147.18,[[206,162],[187,4226],[168,8210],[150,268697602],[135,35184372088832]]]
[151,[612368384],50.4327,[[206,162],[187,4226],[168,8210],[150,268697602],[135,35184372088832]]]
[136,[537018368],120.147,[[206,162],[187,4226],[168,8210],[150,268697602],[135,35184372088832]]]
[121,[17592186044416],0,[[206,162],[187,4226],[168,8210],[150,268697602],[135,35184372088832]]]
[206,[162],16.8297,[[205,268959808],[186,224],[167,201326656],[149,134221888],[134,70368744177664]]]
[187,[4226],670.855,[[205,268959808],[186,224],[167,201326656],[149,134221888],[134,70368744177664]]]
[168,[8210],895.292,[[205,268959808],[186,224],[167,201326656],[149,134221888],[134,70368744177664]]]
[150,[268697602],272.535,[[205,268959808],[186,224],[167,201326656],[149,134221888],[134,70368744177664]]]
[135,[35184372088832],0,[[205,268959808],[186,224],[167,201326656],[149,134221888],[134,70368744177664]]]
[205,[268959808],620.602,[[204,393220],[185,67108876],[166,140737488355328]]]
[186,[224],753.947,[[204,393220],[185,67108876],[166,140737488355328]]]
[167,[201326656],969.617,[[204,393220],[185,67108876],[166,140737488355328]]]
[149,[134221888],87.2474,[[204,393220],[185,67108876],[166,140737488355328]]]
[134,[70368744177664],0,[[204,393220],[185,67108876],[166,140737488355328]]]
[204,[393220],273.277,[[203,8519696],[184,75497600],[165,281474976710656]]]
[185,[67108876],781.152,[[203,8519696],[184,75497600],[165,281474976710656]]]
[166,[140737488355328],0,[[203,8519696],[184,75497600],[165,281474976710656]]]
[203,[8519696],225.932,[[202,2415919112],[183,270008320],[164,562949953421312]]]
[184,[75497600],917.127,[[202,2415919112],[183,270008320],[164,562949953421312]]]
[165,[281474976710656],0,[[202,2415919112],[183,270008320],[164,562949953421312]]]
[202,[2415919112],729.586,[[201,134230016],[182,1125899906842624]]]
[183,[270008320],302.28,[[201,134230016],[182,1125899906842624]]]
[164,[562949953421312],0,[[201,134230016],[182,1125899906842624]]]
[201,[134230016],748.565,[]]
[182,[1125899906842624],0,[]]