[0,[57344],532.493,[[27,1140851712],[28,1073741954],[29,3221225473],[30,1073741836],[31,1073747968],[32,1342177282],[33,1073741904],[34,1073876992],[35,1077952512],[36,1084227584],[37,1074790402],[38,1207960576],[39,1073742352],[40,1073742084],[41,1075839104],[42,1241513984],[43,1078001664],[44,1082130448],[45,1073742864],[46,1076101120],[47,1077936132],[48,1073741829],[49,1619001344],[50,1073872912],[51,8589934592]]]
[1,[51200],417.44,[[27,1140851712],[28,1073741954],[29,3221225473],[30,1073741836],[31,1073747968],[32,1342177282],[33,1073741904],[34,1073876992],[35,1077952512],[36,1084227584],[37,1074790402],[38,1207960576],[39,1073742352],[40,1073742084],[41,1075839104],[42,1241513984],[43,1078001664],[44,1082130448],[45,1073742864],[46,1076101120],[47,1077936132],[48,1073741829],[49,1619001344],[50,1073872912],[51,8589934592]]]
[2,[1073790976],40.6793,[[27,1140851712],[28,1073741954],[29,3221225473],[30,1073741836],[31,1073747968],[32,1342177282],[33,1073741904],[34,1073876992],[35,1077952512],[36,1084227584],[37,1074790402],[38,1207960576],[39,1073742352],[40,1073742084],[41,1075839104],[42,1241513984],[43,1078001664],[44,1082130448],[45,1073742864],[46,1076101120],[47,1077936132],[48,1073741829],[49,1619001344],[50,1073872912],[51,8589934592]]]
[3,[32840],558.846,[[27,1140851712],[28,1073741954],[29,3221225473],[30,1073741836],[31,1073747968],[32,1342177282],[33,1073741904],[34,1073876992],[35,1077952512],[36,1084227584],[37,1074790402],[38,1207960576],[39,1073742352],[40,1073742084],[41,1075839104],[42,1241513984],[43,1078001664],[44,1082130448],[45,1073742864],[46,1076101120],[47,1077936132],[48,1073741829],[49,1619001344],[50,1073872912],[51,8589934592]]]
[4,[4227328],599.521,[[27,1140851712],[28,1073741954],[29,3221225473],[30,1073741836],[31,1073747968],[32,1342177282],[33,1073741904],[34,1073876992],[35,1077952512],[36,1084227584],[37,1074790402],[38,1207960576],[39,1073742352],[40,1073742084],[41,1075839104],[42,1241513984],[43,1078001664],[44,1082130448],[45,1073742864],[46,1076101120],[47,1077936132],[48,1073741829],[49,1619001344],[50,1073872912],[51,8589934592]]]
[5,[67143680],126.137,[[27,1140851712],[28,1073741954],[29,3221225473],[30,1073741836],[31,1073747968],[32,1342177282],[33,1073741904],[34,1073876992],[35,1077952512],[36,1084227584],[37,1074790402],[38,1207960576],[39,1073742352],[40,1073742084],[41,1075839104],[42,1241513984],[43,1078001664],[44,1082130448],[45,1073742864],[46,1076101120],[47,1077936132],[48,1073741829],[49,1619001344],[50,1073872912],[51,8589934592]]]
[6,[295040],700.798,[[27,1140851712],[28,1073741954],[29,3221225473],[30,1073741836],[31,1073747968],[32,1342177282],[33,1073741904],[34,1073876992],[35,1077952512],[36,1084227584],[37,1074790402],[38,1207960576],[39,1073742352],[40,1073742084],[41,1075839104],[42,1241513984],[43,1078001664],[44,1082130448],[45,1073742864],[46,1076101120],[47,1077936132],[48,1073741829],[49,1619001344],[50,1073872912],[51,8589934592]]]
[7,[33025],713.264,[[27,1140851712],[28,1073741954],[29,3221225473],[30,1073741836],[31,1073747968],[32,1342177282],[33,1073741904],[34,1073876992],[35,1077952512],[36,1084227584],[37,1074790402],[38,1207960576],[39,1073742352],[40,1073742084],[41,1075839104],[42,1241513984],[43,1078001664],[44,1082130448],[45,1073742864],[46,1076101120],[47,1077936132],[48,1073741829],[49,1619001344],[50,1073872912],[51,8589934592]]]
[8,[16826368],69.5783,[[27,1140851712],[28,1073741954],[29,3221225473],[30,1073741836],[31,1073747968],[32,1342177282],[33,1073741904],[34,1073876992],[35,1077952512],[36,1084227584],[37,1074790402],[38,1207960576],[39,1073742352],[40,1073742084],[41,1075839104],[42,1241513984],[43,1078001664],[44,1082130448],[45,1073742864],[46,1076101120],[47,1077936132],[48,1073741829],[49,1619001344],[50,1073872912],[51,8589934592]]]
[9,[40962],430.207,[[27,1140851712],[28,1073741954],[29,3221225473],[30,1073741836],[31,1073747968],[32,1342177282],[33,1073741904],[34,1073876992],[35,1077952512],[36,1084227584],[37,1074790402],[38,1207960576],[39,1073742352],[40,1073742084],[41,1075839104],[42,1241513984],[43,1078001664],[44,1082130448],[45,1073742864],[46,1076101120],[47,1077936132],[48,1073741829],[49,1619001344],[50,1073872912],[51,8589934592]]]
[10,[1073905664],846.369,[[27,1140851712],[28,1073741954],[29,3221225473],[30,1073741836],[31,1073747968],[32,1342177282],[33,1073741904],[34,1073876992],[35,1077952512],[36,1084227584],[37,1074790402],[38,1207960576],[39,1073742352],[40,1073742084],[41,1075839104],[42,1241513984],[43,1078001664],[44,1082130448],[45,1073742864],[46,1076101120],[47,1077936132],[48,1073741829],[49,1619001344],[50,1073872912],[51,8589934592]]]
[11,[2181070848],857.584,[[27,1140851712],[28,1073741954],[29,3221225473],[30,1073741836],[31,1073747968],[32,1342177282],[33,1073741904],[34,1073876992],[35,1077952512],[36,1084227584],[37,1074790402],[38,1207960576],[39,1073742352],[40,1073742084],[41,1075839104],[42,1241513984],[43,1078001664],[44,1082130448],[45,1073742864],[46,1076101120],[47,1077936132],[48,1073741829],[49,1619001344],[50,1073872912],[51,8589934592]]]
[12,[167804928],89.3802,[[27,1140851712],[28,1073741954],[29,3221225473],[30,1073741836],[31,1073747968],[32,1342177282],[33,1073741904],[34,1073876992],[35,1077952512],[36,1084227584],[37,1074790402],[38,1207960576],[39,1073742352],[40,1073742084],[41,1075839104],[42,1241513984],[43,1078001664],[44,1082130448],[45,1073742864],[46,1076101120],[47,1077936132],[48,1073741829],[49,1619001344],[50,1073872912],[51,8589934592]]]
[13,[36880],704.865,[[27,1140851712],[28,1073741954],[29,3221225473],[30,1073741836],[31,1073747968],[32,1342177282],[33,1073741904],[34,1073876992],[35,1077952512],[36,1084227584],[37,1074790402],[38,1207960576],[39,1073742352],[40,1073742084],[41,1075839104],[42,1241513984],[43,1078001664],[44,1082130448],[45,1073742864],[46,1076101120],[47,1077936132],[48,1073741829],[49,1619001344],[50,1073872912],[51,8589934592]]]
[14,[268470272],410.916,[[27,1140851712],[28,1073741954],[29,3221225473],[30,1073741836],[31,1073747968],[32,1342177282],[33,1073741904],[34,1073876992],[35,1077952512],[36,1084227584],[37,1074790402],[38,1207960576],[39,1073742352],[40,1073742084],[41,1075839104],[42,1241513984],[43,1078001664],[44,1082130448],[45,1073742864],[46,1076101120],[47,1077936132],[48,1073741829],[49,1619001344],[50,1073872912],[51,8589934592]]]
[15,[425984],743.752,[[27,1140851712],[28,1073741954],[29,3221225473],[30,1073741836],[31,1073747968],[32,1342177282],[33,1073741904],[34,1073876992],[35,1077952512],[36,1084227584],[37,1074790402],[38,1207960576],[39,1073742352],[40,1073742084],[41,1075839104],[42,1241513984],[43,1078001664],[44,1082130448],[45,1073742864],[46,1076101120],[47,1077936132],[48,1073741829],[49,1619001344],[50,1073872912],[51,8589934592]]]
[16,[98308],731.305,[[27,1140851712],[28,1073741954],[29,3221225473],[30,1073741836],[31,1073747968],[32,1342177282],[33,1073741904],[34,1073876992],[35,1077952512],[36,1084227584],[37,1074790402],[38,1207960576],[39,1073742352],[40,1073742084],[41,1075839104],[42,1241513984],[43,1078001664],[44,1082130448],[45,1073742864],[46,1076101120],[47,1077936132],[48,1073741829],[49,1619001344],[50,1073872912],[51,8589934592]]]
[17,[32792],125.236,[[27,1140851712],[28,1073741954],[29,3221225473],[30,1073741836],[31,1073747968],[32,1342177282],[33,1073741904],[34,1073876992],[35,1077952512],[36,1084227584],[37,1074790402],[38,1207960576],[39,1073742352],[40,1073742084],[41,1075839104],[42,1241513984],[43,1078001664],[44,1082130448],[45,1073742864],[46,1076101120],[47,1077936132],[48,1073741829],[49,1619001344],[50,1073872912],[51,8589934592]]]
[18,[268468226],981.157,[[27,1140851712],[28,1073741954],[29,3221225473],[30,1073741836],[31,1073747968],[32,1342177282],[33,1073741904],[34,1073876992],[35,1077952512],[36,1084227584],[37,1074790402],[38,1207960576],[39,1073742352],[40,1073742084],[41,1075839104],[42,1241513984],[43,1078001664],[44,1082130448],[45,1073742864],[46,1076101120],[47,1077936132],[48,1073741829],[49,1619001344],[50,1073872912],[51,8589934592]]]
[19,[557072],994.659,[[27,1140851712],[28,1073741954],[29,3221225473],[30,1073741836],[31,1073747968],[32,1342177282],[33,1073741904],[34,1073876992],[35,1077952512],[36,1084227584],[37,1074790402],[38,1207960576],[39,1073742352],[40,1073742084],[41,1075839104],[42,1241513984],[43,1078001664],[44,1082130448],[45,1073742864],[46,1076101120],[47,1077936132],[48,1073741829],[49,1619001344],[50,1073872912],[51,8589934592]]]
[20,[33040],92.9289,[[27,1140851712],[28,1073741954],[29,3221225473],[30,1073741836],[31,1073747968],[32,1342177282],[33,1073741904],[34,1073876992],[35,1077952512],[36,1084227584],[37,1074790402],[38,1207960576],[39,1073742352],[40,1073742084],[41,1075839104],[42,1241513984],[43,1078001664],[44,1082130448],[45,1073742864],[46,1076101120],[47,1077936132],[48,1073741829],[49,1619001344],[50,1073872912],[51,8589934592]]]
[21,[163872],102.86,[[27,1140851712],[28,1073741954],[29,3221225473],[30,1073741836],[31,1073747968],[32,1342177282],[33,1073741904],[34,1073876992],[35,1077952512],[36,1084227584],[37,1074790402],[38,1207960576],[39,1073742352],[40,1073742084],[41,1075839104],[42,1241513984],[43,1078001664],[44,1082130448],[45,1073742864],[46,1076101120],[47,1077936132],[48,1073741829],[49,1619001344],[50,1073872912],[51,8589934592]]]
[22,[67403776],848.479,[[27,1140851712],[28,1073741954],[29,3221225473],[30,1073741836],[31,1073747968],[32,1342177282],[33,1073741904],[34,1073876992],[35,1077952512],[36,1084227584],[37,1074790402],[38,1207960576],[39,1073742352],[40,1073742084],[41,1075839104],[42,1241513984],[43,1078001664],[44,1082130448],[45,1073742864],[46,1076101120],[47,1077936132],[48,1073741829],[49,1619001344],[50,1073872912],[51,8589934592]]]
[23,[268472320],415.725,[[27,1140851712],[28,1073741954],[29,3221225473],[30,1073741836],[31,1073747968],[32,1342177282],[33,1073741904],[34,1073876992],[35,1077952512],[36,1084227584],[37,1074790402],[38,1207960576],[39,1073742352],[40,1073742084],[41,1075839104],[42,1241513984],[43,1078001664],[44,1082130448],[45,1073742864],[46,1076101120],[47,1077936132],[48,1073741829],[49,1619001344],[50,1073872912],[51,8589934592]]]
[24,[40964],108.682,[[27,1140851712],[28,1073741954],[29,3221225473],[30,1073741836],[31,1073747968],[32,1342177282],[33,1073741904],[34,1073876992],[35,1077952512],[36,1084227584],[37,1074790402],[38,1207960576],[39,1073742352],[40,1073742084],[41,1075839104],[42,1241513984],[43,1078001664],[44,1082130448],[45,1073742864],[46,1076101120],[47,1077936132],[48,1073741829],[49,1619001344],[50,1073872912],[51,8589934592]]]
[25,[2147517440],113.644,[[27,1140851712],[28,1073741954],[29,3221225473],[30,1073741836],[31,1073747968],[32,1342177282],[33,1073741904],[34,1073876992],[35,1077952512],[36,1084227584],[37,1074790402],[38,1207960576],[39,1073742352],[40,1073742084],[41,1075839104],[42,1241513984],[43,1078001664],[44,1082130448],[45,1073742864],[46,1076101120],[47,1077936132],[48,1073741829],[49,1619001344],[50,1073872912],[51,8589934592]]]
[26,[4294967296],0,[[27,1140851712],[28,1073741954],[29,3221225473],[30,1073741836],[31,1073747968],[32,1342177282],[33,1073741904],[34,1073876992],[35,1077952512],[36,1084227584],[37,1074790402],[38,1207960576],[39,1073742352],[40,1073742084],[41,1075839104],[42,1241513984],[43,1078001664],[44,1082130448],[45,1073742864],[46,1076101120],[47,1077936132],[48,1073741829],[49,1619001344],[50,1073872912],[51,8589934592]]]
[27,[1140851712],421.707,[[52,16900],[53,68096],[54,33555200],[55,301990400],[56,16898],[57,67371520],[58,545],[59,272630272],[60,2576],[61,1049344],[62,1664],[63,537395712],[64,8389136],[65,4640],[66,1049089],[67,131592],[68,8389124],[69,16777736],[70,33559040],[71,536871488],[72,8389121],[73,262658],[74,17179869184]]]
[28,[1073741954],886.56,[[52,16900],[53,68096],[54,33555200],[55,301990400],[56,16898],[57,67371520],[58,545],[59,272630272],[60,2576],[61,1049344],[62,1664],[63,537395712],[64,8389136],[65,4640],[66,1049089],[67,131592],[68,8389124],[69,16777736],[70,33559040],[71,536871488],[72,8389121],[73,262658],[74,17179869184]]]
[29,[3221225473],739.622,[[52,16900],[53,68096],[54,33555200],[55,301990400],[56,16898],[57,67371520],[58,545],[59,272630272],[60,2576],[61,1049344],[62,1664],[63,537395712],[64,8389136],[65,4640],[66,1049089],[67,131592],[68,8389124],[69,16777736],[70,33559040],[71,536871488],[72,8389121],[73,262658],[74,17179869184]]]
[30,[1073741836],461.341,[[52,16900],[53,68096],[54,33555200],[55,301990400],[56,16898],[57,67371520],[58,545],[59,272630272],[60,2576],[61,1049344],[62,1664],[63,537395712],[64,8389136],[65,4640],[66,1049089],[67,131592],[68,8389124],[69,16777736],[70,33559040],[71,536871488],[72,8389121],[73,262658],[74,17179869184]]]
[31,[1073747968],558.895,[[52,16900],[53,68096],[54,33555200],[55,301990400],[56,16898],[57,67371520],[58,545],[59,272630272],[60,2576],[61,1049344],[62,1664],[63,537395712],[64,8389136],[65,4640],[66,1049089],[67,131592],[68,8389124],[69,16777736],[70,33559040],[71,536871488],[72,8389121],[73,262658],[74,17179869184]]]
[32,[1342177282],234.124,[[52,16900],[53,68096],[54,33555200],[55,301990400],[56,16898],[57,67371520],[58,545],[59,272630272],[60,2576],[61,1049344],[62,1664],[63,537395712],[64,8389136],[65,4640],[66,1049089],[67,131592],[68,8389124],[69,16777736],[70,33559040],[71,536871488],[72,8389121],[73,262658],[74,17179869184]]]
[33,[1073741904],409.307,[[52,16900],[53,68096],[54,33555200],[55,301990400],[56,16898],[57,67371520],[58,545],[59,272630272],[60,2576],[61,1049344],[62,1664],[63,537395712],[64,8389136],[65,4640],[66,1049089],[67,131592],[68,8389124],[69,16777736],[70,33559040],[71,536871488],[72,8389121],[73,262658],[74,17179869184]]]
[34,[1073876992],542.056,[[52,16900],[53,68096],[54,33555200],[55,301990400],[56,16898],[57,67371520],[58,545],[59,272630272],[60,2576],[61,1049344],[62,1664],[63,537395712],[64,8389136],[65,4640],[66,1049089],[67,131592],[68,8389124],[69,16777736],[70,33559040],[71,536871488],[72,8389121],[73,262658],[74,17179869184]]]
[35,[1077952512],918.743,[[52,16900],[53,68096],[54,33555200],[55,301990400],[56,16898],[57,67371520],[58,545],[59,272630272],[60,2576],[61,1049344],[62,1664],[63,537395712],[64,8389136],[65,4640],[66,1049089],[67,131592],[68,8389124],[69,16777736],[70,33559040],[71,536871488],[72,8389121],[73,262658],[74,17179869184]]]
[36,[1084227584],250.815,[[52,16900],[53,68096],[54,33555200],[55,301990400],[56,16898],[57,67371520],[58,545],[59,272630272],[60,2576],[61,1049344],[62,1664],[63,537395712],[64,8389136],[65,4640],[66,1049089],[67,131592],[68,8389124],[69,16777736],[70,33559040],[71,536871488],[72,8389121],[73,262658],[74,17179869184]]]
[37,[1074790402],46.7302,[[52,16900],[53,68096],[54,33555200],[55,301990400],[56,16898],[57,67371520],[58,545],[59,272630272],[60,2576],[61,1049344],[62,1664],[63,537395712],[64,8389136],[65,4640],[66,1049089],[67,131592],[68,8389124],[69,16777736],[70,33559040],[71,536871488],[72,8389121],[73,262658],[74,17179869184]]]
[38,[1207960576],705.74,[[52,16900],[53,68096],[54,33555200],[55,301990400],[56,16898],[57,67371520],[58,545],[59,272630272],[60,2576],[61,1049344],[62,1664],[63,537395712],[64,8389136],[65,4640],[66,1049089],[67,131592],[68,8389124],[69,16777736],[70,33559040],[71,536871488],[72,8389121],[73,262658],[74,17179869184]]]
[39,[1073742352],232.542,[[52,16900],[53,68096],[54,33555200],[55,301990400],[56,16898],[57,67371520],[58,545],[59,272630272],[60,2576],[61,1049344],[62,1664],[63,537395712],[64,8389136],[65,4640],[66,1049089],[67,131592],[68,8389124],[69,16777736],[70,33559040],[71,536871488],[72,8389121],[73,262658],[74,17179869184]]]
[40,[1073742084],854.764,[[52,16900],[53,68096],[54,33555200],[55,301990400],[56,16898],[57,67371520],[58,545],[59,272630272],[60,2576],[61,1049344],[62,1664],[63,537395712],[64,8389136],[65,4640],[66,1049089],[67,131592],[68,8389124],[69,16777736],[70,33559040],[71,536871488],[72,8389121],[73,262658],[74,17179869184]]]
[41,[1075839104],942.266,[[52,16900],[53,68096],[54,33555200],[55,301990400],[56,16898],[57,67371520],[58,545],[59,272630272],[60,2576],[61,1049344],[62,1664],[63,537395712],[64,8389136],[65,4640],[66,1049089],[67,131592],[68,8389124],[69,16777736],[70,33559040],[71,536871488],[72,8389121],[73,262658],[74,17179869184]]]
[42,[1241513984],950.589,[[52,16900],[53,68096],[54,33555200],[55,301990400],[56,16898],[57,67371520],[58,545],[59,272630272],[60,2576],[61,1049344],[62,1664],[63,537395712],[64,8389136],[65,4640],[66,1049089],[67,131592],[68,8389124],[69,16777736],[70,33559040],[71,536871488],[72,8389121],[73,262658],[74,17179869184]]]
[43,[1078001664],732.913,[[52,16900],[53,68096],[54,33555200],[55,301990400],[56,16898],[57,67371520],[58,545],[59,272630272],[60,2576],[61,1049344],[62,1664],[63,537395712],[64,8389136],[65,4640],[66,1049089],[67,131592],[68,8389124],[69,16777736],[70,33559040],[71,536871488],[72,8389121],[73,262658],[74,17179869184]]]
[44,[1082130448],272.118,[[52,16900],[53,68096],[54,33555200],[55,301990400],[56,16898],[57,67371520],[58,545],[59,272630272],[60,2576],[61,1049344],[62,1664],[63,537395712],[64,8389136],[65,4640],[66,1049089],[67,131592],[68,8389124],[69,16777736],[70,33559040],[71,536871488],[72,8389121],[73,262658],[74,17179869184]]]
[45,[1073742864],771.676,[[52,16900],[53,68096],[54,33555200],[55,301990400],[56,16898],[57,67371520],[58,545],[59,272630272],[60,2576],[61,1049344],[62,1664],[63,537395712],[64,8389136],[65,4640],[66,1049089],[67,131592],[68,8389124],[69,16777736],[70,33559040],[71,536871488],[72,8389121],[73,262658],[74,17179869184]]]
[46,[1076101120],240.297,[[52,16900],[53,68096],[54,33555200],[55,301990400],[56,16898],[57,67371520],[58,545],[59,272630272],[60,2576],[61,1049344],[62,1664],[63,537395712],[64,8389136],[65,4640],[66,1049089],[67,131592],[68,8389124],[69,16777736],[70,33559040],[71,536871488],[72,8389121],[73,262658],[74,17179869184]]]
[47,[1077936132],7.72681,[[52,16900],[53,68096],[54,33555200],[55,301990400],[56,16898],[57,67371520],[58,545],[59,272630272],[60,2576],[61,1049344],[62,1664],[63,537395712],[64,8389136],[65,4640],[66,1049089],[67,131592],[68,8389124],[69,16777736],[70,33559040],[71,536871488],[72,8389121],[73,262658],[74,17179869184]]]
[48,[1073741829],994.058,[[52,16900],[53,68096],[54,33555200],[55,301990400],[56,16898],[57,67371520],[58,545],[59,272630272],[60,2576],[61,1049344],[62,1664],[63,537395712],[64,8389136],[65,4640],[66,1049089],[67,131592],[68,8389124],[69,16777736],[70,33559040],[71,536871488],[72,8389121],[73,262658],[74,17179869184]]]
[49,[1619001344],334.171,[[52,16900],[53,68096],[54,33555200],[55,301990400],[56,16898],[57,67371520],[58,545],[59,272630272],[60,2576],[61,1049344],[62,1664],[63,537395712],[64,8389136],[65,4640],[66,1049089],[67,131592],[68,8389124],[69,16777736],[70,33559040],[71,536871488],[72,8389121],[73,262658],[74,17179869184]]]
[50,[1073872912],846.454,[[52,16900],[53,68096],[54,33555200],[55,301990400],[56,16898],[57,67371520],[58,545],[59,272630272],[60,2576],[61,1049344],[62,1664],[63,537395712],[64,8389136],[65,4640],[66,1049089],[67,131592],[68,8389124],[69,16777736],[70,33559040],[71,536871488],[72,8389121],[73,262658],[74,17179869184]]]
[51,[8589934592],0,[[52,16900],[53,68096],[54,33555200],[55,301990400],[56,16898],[57,67371520],[58,545],[59,272630272],[60,2576],[61,1049344],[62,1664],[63,537395712],[64,8389136],[65,4640],[66,1049089],[67,131592],[68,8389124],[69,16777736],[70,33559040],[71,536871488],[72,8389121],[73,262658],[74,17179869184]]]
[52,[16900],326.712,[[75,276826112],[76,33556488],[77,526340],[78,67373056],[79,18448],[80,2147616768],[81,2623488],[82,3104],[83,133376],[84,67585],[85,167774208],[86,2240],[87,268437536],[88,536873088],[89,16779296],[90,2103296],[91,2147489792],[92,35653632],[93,2432],[94,34359738368]]]
[53,[68096],747.97,[[75,276826112],[76,33556488],[77,526340],[78,67373056],[79,18448],[80,2147616768],[81,2623488],[82,3104],[83,133376],[84,67585],[85,167774208],[86,2240],[87,268437536],[88,536873088],[89,16779296],[90,2103296],[91,2147489792],[92,35653632],[93,2432],[94,34359738368]]]
[54,[33555200],462.323,[[75,276826112],[76,33556488],[77,526340],[78,67373056],[79,18448],[80,2147616768],[81,2623488],[82,3104],[83,133376],[84,67585],[85,167774208],[86,2240],[87,268437536],[88,536873088],[89,16779296],[90,2103296],[91,2147489792],[92,35653632],[93,2432],[94,34359738368]]]
[55,[301990400],182.795,[[75,276826112],[76,33556488],[77,526340],[78,67373056],[79,18448],[80,2147616768],[81,2623488],[82,3104],[83,133376],[84,67585],[85,167774208],[86,2240],[87,268437536],[88,536873088],[89,16779296],[90,2103296],[91,2147489792],[92,35653632],[93,2432],[94,34359738368]]]
[56,[16898],425.949,[[75,276826112],[76,33556488],[77,526340],[78,67373056],[79,18448],[80,2147616768],[81,2623488],[82,3104],[83,133376],[84,67585],[85,167774208],[86,2240],[87,268437536],[88,536873088],[89,16779296],[90,2103296],[91,2147489792],[92,35653632],[93,2432],[94,34359738368]]]
[57,[67371520],374.54,[[75,276826112],[76,33556488],[77,526340],[78,67373056],[79,18448],[80,2147616768],[81,2623488],[82,3104],[83,133376],[84,67585],[85,167774208],[86,2240],[87,268437536],[88,536873088],[89,16779296],[90,2103296],[91,2147489792],[92,35653632],[93,2432],[94,34359738368]]]
[58,[545],636.205,[[75,276826112],[76,33556488],[77,526340],[78,67373056],[79,18448],[80,2147616768],[81,2623488],[82,3104],[83,133376],[84,67585],[85,167774208],[86,2240],[87,268437536],[88,536873088],[89,16779296],[90,2103296],[91,2147489792],[92,35653632],[93,2432],[94,34359738368]]]
[59,[272630272],392.375,[[75,276826112],[76,33556488],[77,526340],[78,67373056],[79,18448],[80,2147616768],[81,2623488],[82,3104],[83,133376],[84,67585],[85,167774208],[86,2240],[87,268437536],[88,536873088],[89,16779296],[90,2103296],[91,2147489792],[92,35653632],[93,2432],[94,34359738368]]]
[60,[2576],331.068,[[75,276826112],[76,33556488],[77,526340],[78,67373056],[79,18448],[80,2147616768],[81,2623488],[82,3104],[83,133376],[84,67585],[85,167774208],[86,2240],[87,268437536],[88,536873088],[89,16779296],[90,2103296],[91,2147489792],[92,35653632],[93,2432],[94,34359738368]]]
[61,[1049344],33.1117,[[75,276826112],[76,33556488],[77,526340],[78,67373056],[79,18448],[80,2147616768],[81,2623488],[82,3104],[83,133376],[84,67585],[85,167774208],[86,2240],[87,268437536],[88,536873088],[89,16779296],[90,2103296],[91,2147489792],[92,35653632],[93,2432],[94,34359738368]]]
[62,[1664],455.72,[[75,276826112],[76,33556488],[77,526340],[78,67373056],[79,18448],[80,2147616768],[81,2623488],[82,3104],[83,133376],[84,67585],[85,167774208],[86,2240],[87,268437536],[88,536873088],[89,16779296],[90,2103296],[91,2147489792],[92,35653632],[93,2432],[94,34359738368]]]
[63,[537395712],958.426,[[75,276826112],[76,33556488],[77,526340],[78,67373056],[79,18448],[80,2147616768],[81,2623488],[82,3104],[83,133376],[84,67585],[85,167774208],[86,2240],[87,268437536],[88,536873088],[89,16779296],[90,2103296],[91,2147489792],[92,35653632],[93,2432],[94,34359738368]]]
[64,[8389136],737.782,[[75,276826112],[76,33556488],[77,526340],[78,67373056],[79,18448],[80,2147616768],[81,2623488],[82,3104],[83,133376],[84,67585],[85,167774208],[86,2240],[87,268437536],[88,536873088],[89,16779296],[90,2103296],[91,2147489792],[92,35653632],[93,2432],[94,34359738368]]]
[65,[4640],808.782,[[75,276826112],[76,33556488],[77,526340],[78,67373056],[79,18448],[80,2147616768],[81,2623488],[82,3104],[83,133376],[84,67585],[85,167774208],[86,2240],[87,268437536],[88,536873088],[89,16779296],[90,2103296],[91,2147489792],[92,35653632],[93,2432],[94,34359738368]]]
[66,[1049089],374.117,[[75,276826112],[76,33556488],[77,526340],[78,67373056],[79,18448],[80,2147616768],[81,2623488],[82,3104],[83,133376],[84,67585],[85,167774208],[86,2240],[87,268437536],[88,536873088],[89,16779296],[90,2103296],[91,2147489792],[92,35653632],[93,2432],[94,34359738368]]]
[67,[131592],534.837,[[75,276826112],[76,33556488],[77,526340],[78,67373056],[79,18448],[80,2147616768],[81,2623488],[82,3104],[83,133376],[84,67585],[85,167774208],[86,2240],[87,268437536],[88,536873088],[89,16779296],[90,2103296],[91,2147489792],[92,35653632],[93,2432],[94,34359738368]]]
[68,[8389124],248.648,[[75,276826112],[76,33556488],[77,526340],[78,67373056],[79,18448],[80,2147616768],[81,2623488],[82,3104],[83,133376],[84,67585],[85,167774208],[86,2240],[87,268437536],[88,536873088],[89,16779296],[90,2103296],[91,2147489792],[92,35653632],[93,2432],[94,34359738368]]]
[69,[16777736],211.925,[[75,276826112],[76,33556488],[77,526340],[78,67373056],[79,18448],[80,2147616768],[81,2623488],[82,3104],[83,133376],[84,67585],[85,167774208],[86,2240],[87,268437536],[88,536873088],[89,16779296],[90,2103296],[91,2147489792],[92,35653632],[93,2432],[94,34359738368]]]
[70,[33559040],578.117,[[75,276826112],[76,33556488],[77,526340],[78,67373056],[79,18448],[80,2147616768],[81,2623488],[82,3104],[83,133376],[84,67585],[85,167774208],[86,2240],[87,268437536],[88,536873088],[89,16779296],[90,2103296],[91,2147489792],[92,35653632],[93,2432],[94,34359738368]]]
[71,[536871488],948.071,[[75,276826112],[76,33556488],[77,526340],[78,67373056],[79,18448],[80,2147616768],[81,2623488],[82,3104],[83,133376],[84,67585],[85,167774208],[86,2240],[87,268437536],[88,536873088],[89,16779296],[90,2103296],[91,2147489792],[92,35653632],[93,2432],[94,34359738368]]]
[72,[8389121],710.048,[[75,276826112],[76,33556488],[77,526340],[78,67373056],[79,18448],[80,2147616768],[81,2623488],[82,3104],[83,133376],[84,67585],[85,167774208],[86,2240],[87,268437536],[88,536873088],[89,16779296],[90,2103296],[91,2147489792],[92,35653632],[93,2432],[94,34359738368]]]
[73,[262658],613.29,[[75,276826112],[76,33556488],[77,526340],[78,67373056],[79,18448],[80,2147616768],[81,2623488],[82,3104],[83,133376],[84,67585],[85,167774208],[86,2240],[87,268437536],[88,536873088],[89,16779296],[90,2103296],[91,2147489792],[92,35653632],[93,2432],[94,34359738368]]]
[74,[17179869184],0,[[75,276826112],[76,33556488],[77,526340],[78,67373056],[79,18448],[80,2147616768],[81,2623488],[82,3104],[83,133376],[84,67585],[85,167774208],[86,2240],[87,268437536],[88,536873088],[89,16779296],[90,2103296],[91,2147489792],[92,35653632],[93,2432],[94,34359738368]]]
[75,[276826112],853.867,[[95,50331652],[96,17302528],[97,16777221],[98,16777225],[99,83951616],[100,23068672],[101,83886336],[102,83886081],[103,285212736],[104,50331649],[105,151060480],[106,16908320],[107,16842760],[108,18939904],[109,16778248],[110,18874372],[111,17956864],[112,16777473],[113,68719476736]]]
[76,[33556488],273.53,[[95,50331652],[96,17302528],[97,16777221],[98,16777225],[99,83951616],[100,23068672],[101,83886336],[102,83886081],[103,285212736],[104,50331649],[105,151060480],[106,16908320],[107,16842760],[108,18939904],[109,16778248],[110,18874372],[111,17956864],[112,16777473],[113,68719476736]]]
[77,[526340],665.988,[[95,50331652],[96,17302528],[97,16777221],[98,16777225],[99,83951616],[100,23068672],[101,83886336],[102,83886081],[103,285212736],[104,50331649],[105,151060480],[106,16908320],[107,16842760],[108,18939904],[109,16778248],[110,18874372],[111,17956864],[112,16777473],[113,68719476736]]]
[78,[67373056],207.763,[[95,50331652],[96,17302528],[97,16777221],[98,16777225],[99,83951616],[100,23068672],[101,83886336],[102,83886081],[103,285212736],[104,50331649],[105,151060480],[106,16908320],[107,16842760],[108,18939904],[109,16778248],[110,18874372],[111,17956864],[112,16777473],[113,68719476736]]]
[79,[18448],323.535,[[95,50331652],[96,17302528],[97,16777221],[98,16777225],[99,83951616],[100,23068672],[101,83886336],[102,83886081],[103,285212736],[104,50331649],[105,151060480],[106,16908320],[107,16842760],[108,18939904],[109,16778248],[110,18874372],[111,17956864],[112,16777473],[113,68719476736]]]
[80,[2147616768],507.435,[[95,50331652],[96,17302528],[97,16777221],[98,16777225],[99,83951616],[100,23068672],[101,83886336],[102,83886081],[103,285212736],[104,50331649],[105,151060480],[106,16908320],[107,16842760],[108,18939904],[109,16778248],[110,18874372],[111,17956864],[112,16777473],[113,68719476736]]]
[81,[2623488],591.797,[[95,50331652],[96,17302528],[97,16777221],[98,16777225],[99,83951616],[100,23068672],[101,83886336],[102,83886081],[103,285212736],[104,50331649],[105,151060480],[106,16908320],[107,16842760],[108,18939904],[109,16778248],[110,18874372],[111,17956864],[112,16777473],[113,68719476736]]]
[82,[3104],544.758,[[95,50331652],[96,17302528],[97,16777221],[98,16777225],[99,83951616],[100,23068672],[101,83886336],[102,83886081],[103,285212736],[104,50331649],[105,151060480],[106,16908320],[107,16842760],[108,18939904],[109,16778248],[110,18874372],[111,17956864],[112,16777473],[113,68719476736]]]
[83,[133376],610.739,[[95,50331652],[96,17302528],[97,16777221],[98,16777225],[99,83951616],[100,23068672],[101,83886336],[102,83886081],[103,285212736],[104,50331649],[105,151060480],[106,16908320],[107,16842760],[108,18939904],[109,16778248],[110,18874372],[111,17956864],[112,16777473],[113,68719476736]]]
[84,[67585],394.995,[[95,50331652],[96,17302528],[97,16777221],[98,16777225],[99,83951616],[100,23068672],[101,83886336],[102,83886081],[103,285212736],[104,50331649],[105,151060480],[106,16908320],[107,16842760],[108,18939904],[109,16778248],[110,18874372],[111,17956864],[112,16777473],[113,68719476736]]]
[85,[167774208],629.969,[[95,50331652],[96,17302528],[97,16777221],[98,16777225],[99,83951616],[100,23068672],[101,83886336],[102,83886081],[103,285212736],[104,50331649],[105,151060480],[106,16908320],[107,16842760],[108,18939904],[109,16778248],[110,18874372],[111,17956864],[112,16777473],[113,68719476736]]]
[86,[2240],570.69,[[95,50331652],[96,17302528],[97,16777221],[98,16777225],[99,83951616],[100,23068672],[101,83886336],[102,83886081],[103,285212736],[104,50331649],[105,151060480],[106,16908320],[107,16842760],[108,18939904],[109,16778248],[110,18874372],[111,17956864],[112,16777473],[113,68719476736]]]
[87,[268437536],681.81,[[95,50331652],[96,17302528],[97,16777221],[98,16777225],[99,83951616],[100,23068672],[101,83886336],[102,83886081],[103,285212736],[104,50331649],[105,151060480],[106,16908320],[107,16842760],[108,18939904],[109,16778248],[110,18874372],[111,17956864],[112,16777473],[113,68719476736]]]
[88,[536873088],734.863,[[95,50331652],[96,17302528],[97,16777221],[98,16777225],[99,83951616],[100,23068672],[101,83886336],[102,83886081],[103,285212736],[104,50331649],[105,151060480],[106,16908320],[107,16842760],[108,18939904],[109,16778248],[110,18874372],[111,17956864],[112,16777473],[113,68719476736]]]
[89,[16779296],680.208,[[95,50331652],[96,17302528],[97,16777221],[98,16777225],[99,83951616],[100,23068672],[101,83886336],[102,83886081],[103,285212736],[104,50331649],[105,151060480],[106,16908320],[107,16842760],[108,18939904],[109,16778248],[110,18874372],[111,17956864],[112,16777473],[113,68719476736]]]
[90,[2103296],125.162,[[95,50331652],[96,17302528],[97,16777221],[98,16777225],[99,83951616],[100,23068672],[101,83886336],[102,83886081],[103,285212736],[104,50331649],[105,151060480],[106,16908320],[107,16842760],[108,18939904],[109,16778248],[110,18874372],[111,17956864],[112,16777473],[113,68719476736]]]
[91,[2147489792],958.108,[[95,50331652],[96,17302528],[97,16777221],[98,16777225],[99,83951616],[100,23068672],[101,83886336],[102,83886081],[103,285212736],[104,50331649],[105,151060480],[106,16908320],[107,16842760],[108,18939904],[109,16778248],[110,18874372],[111,17956864],[112,16777473],[113,68719476736]]]
[92,[35653632],88.6481,[[95,50331652],[96,17302528],[97,16777221],[98,16777225],[99,83951616],[100,23068672],[101,83886336],[102,83886081],[103,285212736],[104,50331649],[105,151060480],[106,16908320],[107,16842760],[108,18939904],[109,16778248],[110,18874372],[111,17956864],[112,16777473],[113,68719476736]]]
[93,[2432],248.343,[[95,50331652],[96,17302528],[97,16777221],[98,16777225],[99,83951616],[100,23068672],[101,83886336],[102,83886081],[103,285212736],[104,50331649],[105,151060480],[106,16908320],[107,16842760],[108,18939904],[109,16778248],[110,18874372],[111,17956864],[112,16777473],[113,68719476736]]]
[94,[34359738368],0,[[95,50331652],[96,17302528],[97,16777221],[98,16777225],[99,83951616],[100,23068672],[101,83886336],[102,83886081],[103,285212736],[104,50331649],[105,151060480],[106,16908320],[107,16842760],[108,18939904],[109,16778248],[110,18874372],[111,17956864],[112,16777473],[113,68719476736]]]
[95,[50331652],438.669,[[114,71434240],[115,5243136],[116,541066240],[117,4194369],[118,4202498],[119,138428416],[120,4194384],[121,12582920],[122,4202528],[123,4202512],[124,4722688],[125,541065218],[126,46137344],[127,2151682048],[128,5242912],[129,4194344],[130,137438953472]]]
[96,[17302528],680.953,[[114,71434240],[115,5243136],[116,541066240],[117,4194369],[118,4202498],[119,138428416],[120,4194384],[121,12582920],[122,4202528],[123,4202512],[124,4722688],[125,541065218],[126,46137344],[127,2151682048],[128,5242912],[129,4194344],[130,137438953472]]]
[97,[16777221],758,[[114,71434240],[115,5243136],[116,541066240],[117,4194369],[118,4202498],[119,138428416],[120,4194384],[121,12582920],[122,4202528],[123,4202512],[124,4722688],[125,541065218],[126,46137344],[127,2151682048],[128,5242912],[129,4194344],[130,137438953472]]]
[98,[16777225],987.082,[[114,71434240],[115,5243136],[116,541066240],[117,4194369],[118,4202498],[119,138428416],[120,4194384],[121,12582920],[122,4202528],[123,4202512],[124,4722688],[125,541065218],[126,46137344],[127,2151682048],[128,5242912],[129,4194344],[130,137438953472]]]
[99,[83951616],642.693,[[114,71434240],[115,5243136],[116,541066240],[117,4194369],[118,4202498],[119,138428416],[120,4194384],[121,12582920],[122,4202528],[123,4202512],[124,4722688],[125,541065218],[126,46137344],[127,2151682048],[128,5242912],[129,4194344],[130,137438953472]]]
[100,[23068672],682.364,[[114,71434240],[115,5243136],[116,541066240],[117,4194369],[118,4202498],[119,138428416],[120,4194384],[121,12582920],[122,4202528],[123,4202512],[124,4722688],[125,541065218],[126,46137344],[127,2151682048],[128,5242912],[129,4194344],[130,137438953472]]]
[101,[83886336],700.234,[[114,71434240],[115,5243136],[116,541066240],[117,4194369],[118,4202498],[119,138428416],[120,4194384],[121,12582920],[122,4202528],[123,4202512],[124,4722688],[125,541065218],[126,46137344],[127,2151682048],[128,5242912],[129,4194344],[130,137438953472]]]
[102,[83886081],214.048,[[114,71434240],[115,5243136],[116,541066240],[117,4194369],[118,4202498],[119,138428416],[120,4194384],[121,12582920],[122,4202528],[123,4202512],[124,4722688],[125,541065218],[126,46137344],[127,2151682048],[128,5242912],[129,4194344],[130,137438953472]]]
[103,[285212736],331.842,[[114,71434240],[115,5243136],[116,541066240],[117,4194369],[118,4202498],[119,138428416],[120,4194384],[121,12582920],[122,4202528],[123,4202512],[124,4722688],[125,541065218],[126,46137344],[127,2151682048],[128,5242912],[129,4194344],[130,137438953472]]]
[104,[50331649],262.857,[[114,71434240],[115,5243136],[116,541066240],[117,4194369],[118,4202498],[119,138428416],[120,4194384],[121,12582920],[122,4202528],[123,4202512],[124,4722688],[125,541065218],[126,46137344],[127,2151682048],[128,5242912],[129,4194344],[130,137438953472]]]
[105,[151060480],485.588,[[114,71434240],[115,5243136],[116,541066240],[117,4194369],[118,4202498],[119,138428416],[120,4194384],[121,12582920],[122,4202528],[123,4202512],[124,4722688],[125,541065218],[126,46137344],[127,2151682048],[128,5242912],[129,4194344],[130,137438953472]]]
[106,[16908320],371.959,[[114,71434240],[115,5243136],[116,541066240],[117,4194369],[118,4202498],[119,138428416],[120,4194384],[121,12582920],[122,4202528],[123,4202512],[124,4722688],[125,541065218],[126,46137344],[127,2151682048],[128,5242912],[129,4194344],[130,137438953472]]]
[107,[16842760],760.703,[[114,71434240],[115,5243136],[116,541066240],[117,4194369],[118,4202498],[119,138428416],[120,4194384],[121,12582920],[122,4202528],[123,4202512],[124,4722688],[125,541065218],[126,46137344],[127,2151682048],[128,5242912],[129,4194344],[130,137438953472]]]
[108,[18939904],676.055,[[114,71434240],[115,5243136],[116,541066240],[117,4194369],[118,4202498],[119,138428416],[120,4194384],[121,12582920],[122,4202528],[123,4202512],[124,4722688],[125,541065218],[126,46137344],[127,2151682048],[128,5242912],[129,4194344],[130,137438953472]]]
[109,[16778248],800.905,[[114,71434240],[115,5243136],[116,541066240],[117,4194369],[118,4202498],[119,138428416],[120,4194384],[121,12582920],[122,4202528],[123,4202512],[124,4722688],[125,541065218],[126,46137344],[127,2151682048],[128,5242912],[129,4194344],[130,137438953472]]]
[110,[18874372],372.359,[[114,71434240],[115,5243136],[116,541066240],[117,4194369],[118,4202498],[119,138428416],[120,4194384],[121,12582920],[122,4202528],[123,4202512],[124,4722688],[125,541065218],[126,46137344],[127,2151682048],[128,5242912],[129,4194344],[130,137438953472]]]
[111,[17956864],395.449,[[114,71434240],[115,5243136],[116,541066240],[117,4194369],[118,4202498],[119,138428416],[120,4194384],[121,12582920],[122,4202528],[123,4202512],[124,4722688],[125,541065218],[126,46137344],[127,2151682048],[128,5242912],[129,4194344],[130,137438953472]]]
[112,[16777473],345.031,[[114,71434240],[115,5243136],[116,541066240],[117,4194369],[118,4202498],[119,138428416],[120,4194384],[121,12582920],[122,4202528],[123,4202512],[124,4722688],[125,541065218],[126,46137344],[127,2151682048],[128,5242912],[129,4194344],[130,137438953472]]]
[113,[68719476736],0,[[114,71434240],[115,5243136],[116,541066240],[117,4194369],[118,4202498],[119,138428416],[120,4194384],[121,12582920],[122,4202528],[123,4202512],[124,4722688],[125,541065218],[126,46137344],[127,2151682048],[128,5242912],[129,4194344],[130,137438953472]]]
[114,[71434240],424.159,[[131,8913920],[132,1057792],[133,1049602],[134,134218768],[135,301990912],[136,17416],[137,68158464],[138,536872000],[139,276825088],[140,1092],[141,132112],[142,134349824],[143,2098184],[144,274877906944]]]
[115,[5243136],454.681,[[131,8913920],[132,1057792],[133,1049602],[134,134218768],[135,301990912],[136,17416],[137,68158464],[138,536872000],[139,276825088],[140,1092],[141,132112],[142,134349824],[143,2098184],[144,274877906944]]]
[116,[541066240],803.822,[[131,8913920],[132,1057792],[133,1049602],[134,134218768],[135,301990912],[136,17416],[137,68158464],[138,536872000],[139,276825088],[140,1092],[141,132112],[142,134349824],[143,2098184],[144,274877906944]]]
[117,[4194369],673.271,[[131,8913920],[132,1057792],[133,1049602],[134,134218768],[135,301990912],[136,17416],[137,68158464],[138,536872000],[139,276825088],[140,1092],[141,132112],[142,134349824],[143,2098184],[144,274877906944]]]
[118,[4202498],517.05,[[131,8913920],[132,1057792],[133,1049602],[134,134218768],[135,301990912],[136,17416],[137,68158464],[138,536872000],[139,276825088],[140,1092],[141,132112],[142,134349824],[143,2098184],[144,274877906944]]]
[119,[138428416],23.4252,[[131,8913920],[132,1057792],[133,1049602],[134,134218768],[135,301990912],[136,17416],[137,68158464],[138,536872000],[139,276825088],[140,1092],[141,132112],[142,134349824],[143,2098184],[144,274877906944]]]
[120,[4194384],689.624,[[131,8913920],[132,1057792],[133,1049602],[134,134218768],[135,301990912],[136,17416],[137,68158464],[138,536872000],[139,276825088],[140,1092],[141,132112],[142,134349824],[143,2098184],[144,274877906944]]]
[121,[12582920],685.598,[[131,8913920],[132,1057792],[133,1049602],[134,134218768],[135,301990912],[136,17416],[137,68158464],[138,536872000],[139,276825088],[140,1092],[141,132112],[142,134349824],[143,2098184],[144,274877906944]]]
[122,[4202528],706.795,[[131,8913920],[132,1057792],[133,1049602],[134,134218768],[135,301990912],[136,17416],[137,68158464],[138,536872000],[139,276825088],[140,1092],[141,132112],[142,134349824],[143,2098184],[144,274877906944]]]
[123,[4202512],629.203,[[131,8913920],[132,1057792],[133,1049602],[134,134218768],[135,301990912],[136,17416],[137,68158464],[138,536872000],[139,276825088],[140,1092],[141,132112],[142,134349824],[143,2098184],[144,274877906944]]]
[124,[4722688],238.405,[[131,8913920],[132,1057792],[133,1049602],[134,134218768],[135,301990912],[136,17416],[137,68158464],[138,536872000],[139,276825088],[140,1092],[141,132112],[142,134349824],[143,2098184],[144,274877906944]]]
[125,[541065218],86.4601,[[131,8913920],[132,1057792],[133,1049602],[134,134218768],[135,301990912],[136,17416],[137,68158464],[138,536872000],[139,276825088],[140,1092],[141,132112],[142,134349824],[143,2098184],[144,274877906944]]]
[126,[46137344],399.468,[[131,8913920],[132,1057792],[133,1049602],[134,134218768],[135,301990912],[136,17416],[137,68158464],[138,536872000],[139,276825088],[140,1092],[141,132112],[142,134349824],[143,2098184],[144,274877906944]]]
[127,[2151682048],366.891,[[131,8913920],[132,1057792],[133,1049602],[134,134218768],[135,301990912],[136,17416],[137,68158464],[138,536872000],[139,276825088],[140,1092],[141,132112],[142,134349824],[143,2098184],[144,274877906944]]]
[128,[5242912],28.4434,[[131,8913920],[132,1057792],[133,1049602],[134,134218768],[135,301990912],[136,17416],[137,68158464],[138,536872000],[139,276825088],[140,1092],[141,132112],[142,134349824],[143,2098184],[144,274877906944]]]
[129,[4194344],561.627,[[131,8913920],[132,1057792],[133,1049602],[134,134218768],[135,301990912],[136,17416],[137,68158464],[138,536872000],[139,276825088],[140,1092],[141,132112],[142,134349824],[143,2098184],[144,274877906944]]]
[130,[137438953472],0,[[131,8913920],[132,1057792],[133,1049602],[134,134218768],[135,301990912],[136,17416],[137,68158464],[138,536872000],[139,276825088],[140,1092],[141,132112],[142,134349824],[143,2098184],[144,274877906944]]]
[131,[8913920],20.83,[[145,131329],[146,278784],[147,8405248],[148,33554752],[149,1048836],[150,1048960],[151,262401],[152,524608],[153,134222080],[154,532736],[155,549755813888]]]
[132,[1057792],7.75945,[[145,131329],[146,278784],[147,8405248],[148,33554752],[149,1048836],[150,1048960],[151,262401],[152,524608],[153,134222080],[154,532736],[155,549755813888]]]
[133,[1049602],42.305,[[145,131329],[146,278784],[147,8405248],[148,33554752],[149,1048836],[150,1048960],[151,262401],[152,524608],[153,134222080],[154,532736],[155,549755813888]]]
[134,[134218768],612.029,[[145,131329],[146,278784],[147,8405248],[148,33554752],[149,1048836],[150,1048960],[151,262401],[152,524608],[153,134222080],[154,532736],[155,549755813888]]]
[135,[301990912],58.5008,[[145,131329],[146,278784],[147,8405248],[148,33554752],[149,1048836],[150,1048960],[151,262401],[152,524608],[153,134222080],[154,532736],[155,549755813888]]]
[136,[17416],536.827,[[145,131329],[146,278784],[147,8405248],[148,33554752],[149,1048836],[150,1048960],[151,262401],[152,524608],[153,134222080],[154,532736],[155,549755813888]]]
[137,[68158464],285.915,[[145,131329],[146,278784],[147,8405248],[148,33554752],[149,1048836],[150,1048960],[151,262401],[152,524608],[153,134222080],[154,532736],[155,549755813888]]]
[138,[536872000],633.188,[[145,131329],[146,278784],[147,8405248],[148,33554752],[149,1048836],[150,1048960],[151,262401],[152,524608],[153,134222080],[154,532736],[155,549755813888]]]
[139,[276825088],620.447,[[145,131329],[146,278784],[147,8405248],[148,33554752],[149,1048836],[150,1048960],[151,262401],[152,524608],[153,134222080],[154,532736],[155,549755813888]]]
[140,[1092],19.7386,[[145,131329],[146,278784],[147,8405248],[148,33554752],[149,1048836],[150,1048960],[151,262401],[152,524608],[153,134222080],[154,532736],[155,549755813888]]]
[141,[132112],640.441,[[145,131329],[146,278784],[147,8405248],[148,33554752],[149,1048836],[150,1048960],[151,262401],[152,524608],[153,134222080],[154,532736],[155,549755813888]]]
[142,[134349824],567.09,[[145,131329],[146,278784],[147,8405248],[148,33554752],[149,1048836],[150,1048960],[151,262401],[152,524608],[153,134222080],[154,532736],[155,549755813888]]]
[143,[2098184],885.234,[[145,131329],[146,278784],[147,8405248],[148,33554752],[149,1048836],[150,1048960],[151,262401],[152,524608],[153,134222080],[154,532736],[155,549755813888]]]
[144,[274877906944],0,[[145,131329],[146,278784],[147,8405248],[148,33554752],[149,1048836],[150,1048960],[151,262401],[152,524608],[153,134222080],[154,532736],[155,549755813888]]]
[145,[131329],285.261,[[156,2149711872],[157,3145736],[158,35651586],[159,136445952],[160,2097161],[161,3145856],[162,2629632],[163,539492352],[164,2097218],[165,2621456],[166,1099511627776]]]
[146,[278784],489.554,[[156,2149711872],[157,3145736],[158,35651586],[159,136445952],[160,2097161],[161,3145856],[162,2629632],[163,539492352],[164,2097218],[165,2621456],[166,1099511627776]]]
[147,[8405248],120.48,[[156,2149711872],[157,3145736],[158,35651586],[159,136445952],[160,2097161],[161,3145856],[162,2629632],[163,539492352],[164,2097218],[165,2621456],[166,1099511627776]]]
[148,[33554752],313.957,[[156,2149711872],[157,3145736],[158,35651586],[159,136445952],[160,2097161],[161,3145856],[162,2629632],[163,539492352],[164,2097218],[165,2621456],[166,1099511627776]]]
[149,[1048836],80.6545,[[156,2149711872],[157,3145736],[158,35651586],[159,136445952],[160,2097161],[161,3145856],[162,2629632],[163,539492352],[164,2097218],[165,2621456],[166,1099511627776]]]
[150,[1048960],239.886,[[156,2149711872],[157,3145736],[158,35651586],[159,136445952],[160,2097161],[161,3145856],[162,2629632],[163,539492352],[164,2097218],[165,2621456],[166,1099511627776]]]
[151,[262401],762.207,[[156,2149711872],[157,3145736],[158,35651586],[159,136445952],[160,2097161],[161,3145856],[162,2629632],[163,539492352],[164,2097218],[165,2621456],[166,1099511627776]]]
[152,[524608],771.722,[[156,2149711872],[157,3145736],[158,35651586],[159,136445952],[160,2097161],[161,3145856],[162,2629632],[163,539492352],[164,2097218],[165,2621456],[166,1099511627776]]]
[153,[134222080],320.507,[[156,2149711872],[157,3145736],[158,35651586],[159,136445952],[160,2097161],[161,3145856],[162,2629632],[163,539492352],[164,2097218],[165,2621456],[166,1099511627776]]]
[154,[532736],552.025,[[156,2149711872],[157,3145736],[158,35651586],[159,136445952],[160,2097161],[161,3145856],[162,2629632],[163,539492352],[164,2097218],[165,2621456],[166,1099511627776]]]
[155,[549755813888],0,[[156,2149711872],[157,3145736],[158,35651586],[159,136445952],[160,2097161],[161,3145856],[162,2629632],[163,539492352],[164,2097218],[165,2621456],[166,1099511627776]]]
[156,[2149711872],38.31,[[167,268763136],[168,2155937792],[169,2147553280],[170,75563008],[171,196640],[172,1114114],[173,200704],[174,327688],[175,2214658048],[176,2199023255552]]]
[157,[3145736],156.731,[[167,268763136],[168,2155937792],[169,2147553280],[170,75563008],[171,196640],[172,1114114],[173,200704],[174,327688],[175,2214658048],[176,2199023255552]]]
[158,[35651586],113.718,[[167,268763136],[168,2155937792],[169,2147553280],[170,75563008],[171,196640],[172,1114114],[173,200704],[174,327688],[175,2214658048],[176,2199023255552]]]
[159,[136445952],877.458,[[167,268763136],[168,2155937792],[169,2147553280],[170,75563008],[171,196640],[172,1114114],[173,200704],[174,327688],[175,2214658048],[176,2199023255552]]]
[160,[2097161],984.191,[[167,268763136],[168,2155937792],[169,2147553280],[170,75563008],[171,196640],[172,1114114],[173,200704],[174,327688],[175,2214658048],[176,2199023255552]]]
[161,[3145856],220.699,[[167,268763136],[168,2155937792],[169,2147553280],[170,75563008],[171,196640],[172,1114114],[173,200704],[174,327688],[175,2214658048],[176,2199023255552]]]
[162,[2629632],329.966,[[167,268763136],[168,2155937792],[169,2147553280],[170,75563008],[171,196640],[172,1114114],[173,200704],[174,327688],[175,2214658048],[176,2199023255552]]]
[163,[539492352],549.118,[[167,268763136],[168,2155937792],[169,2147553280],[170,75563008],[171,196640],[172,1114114],[173,200704],[174,327688],[175,2214658048],[176,2199023255552]]]
[164,[2097218],630.374,[[167,268763136],[168,2155937792],[169,2147553280],[170,75563008],[171,196640],[172,1114114],[173,200704],[174,327688],[175,2214658048],[176,2199023255552]]]
[165,[2621456],581.344,[[167,268763136],[168,2155937792],[169,2147553280],[170,75563008],[171,196640],[172,1114114],[173,200704],[174,327688],[175,2214658048],[176,2199023255552]]]
[166,[1099511627776],0,[[167,268763136],[168,2155937792],[169,2147553280],[170,75563008],[171,196640],[172,1114114],[173,200704],[174,327688],[175,2214658048],[176,2199023255552]]]
[167,[268763136],374.756,[[177,301990016],[178,33816608],[179,2181562368],[180,33685512],[181,41943044],[182,101711872],[183,33832960],[184,4398046511104]]]
[168,[2155937792],930.566,[[177,301990016],[178,33816608],[179,2181562368],[180,33685512],[181,41943044],[182,101711872],[183,33832960],[184,4398046511104]]]
[169,[2147553280],153.379,[[177,301990016],[178,33816608],[179,2181562368],[180,33685512],[181,41943044],[182,101711872],[183,33832960],[184,4398046511104]]]
[170,[75563008],658.303,[[177,301990016],[178,33816608],[179,2181562368],[180,33685512],[181,41943044],[182,101711872],[183,33832960],[184,4398046511104]]]
[171,[196640],410.185,[[177,301990016],[178,33816608],[179,2181562368],[180,33685512],[181,41943044],[182,101711872],[183,33832960],[184,4398046511104]]]
[172,[1114114],338.195,[[177,301990016],[178,33816608],[179,2181562368],[180,33685512],[181,41943044],[182,101711872],[183,33832960],[184,4398046511104]]]
[173,[200704],942.697,[[177,301990016],[178,33816608],[179,2181562368],[180,33685512],[181,41943044],[182,101711872],[183,33832960],[184,4398046511104]]]
[174,[327688],742.582,[[177,301990016],[178,33816608],[179,2181562368],[180,33685512],[181,41943044],[182,101711872],[183,33832960],[184,4398046511104]]]
[175,[2214658048],303.262,[[177,301990016],[178,33816608],[179,2181562368],[180,33685512],[181,41943044],[182,101711872],[183,33832960],[184,4398046511104]]]
[176,[2199023255552],0,[[177,301990016],[178,33816608],[179,2181562368],[180,33685512],[181,41943044],[182,101711872],[183,33832960],[184,4398046511104]]]
[177,[301990016],173.732,[[185,2147483651],[186,262177],[187,75497473],[188,524293],[189,524291],[190,25],[191,8796093022208]]]
[178,[33816608],403.45,[[185,2147483651],[186,262177],[187,75497473],[188,524293],[189,524291],[190,25],[191,8796093022208]]]
[179,[2181562368],545.472,[[185,2147483651],[186,262177],[187,75497473],[188,524293],[189,524291],[190,25],[191,8796093022208]]]
[180,[33685512],473.896,[[185,2147483651],[186,262177],[187,75497473],[188,524293],[189,524291],[190,25],[191,8796093022208]]]
[181,[41943044],838.827,[[185,2147483651],[186,262177],[187,75497473],[188,524293],[189,524291],[190,25],[191,8796093022208]]]
[182,[101711872],357.212,[[185,2147483651],[186,262177],[187,75497473],[188,524293],[189,524291],[190,25],[191,8796093022208]]]
[183,[33832960],723.842,[[185,2147483651],[186,262177],[187,75497473],[188,524293],[189,524291],[190,25],[191,8796093022208]]]
[184,[4398046511104],0,[[185,2147483651],[186,262177],[187,75497473],[188,524293],[189,524291],[190,25],[191,8796093022208]]]
[185,[2147483651],793.833,[[192,2684354592],[193,671088672],[194,536887312],[195,612368384],[196,537018368],[197,17592186044416]]]
[186,[262177],378.214,[[192,2684354592],[193,671088672],[194,536887312],[195,612368384],[196,537018368],[197,17592186044416]]]
[187,[75497473],113.714,[[192,2684354592],[193,671088672],[194,536887312],[195,612368384],[196,537018368],[197,17592186044416]]]
[188,[524293],885.485,[[192,2684354592],[193,671088672],[194,536887312],[195,612368384],[196,537018368],[197,17592186044416]]]
[189,[524291],391.7,[[192,2684354592],[193,671088672],[194,536887312],[195,612368384],[196,537018368],[197,17592186044416]]]
[190,[25],404.362,[[192,2684354592],[193,671088672],[194,536887312],[195,612368384],[196,537018368],[197,17592186044416]]]
[191,[8796093022208],0,[[192,2684354592],[193,671088672],[194,536887312],[195,612368384],[196,537018368],[197,17592186044416]]]
[192,[2684354592],402.752,[[198,162],[199,4226],[200,8210],[201,268697602],[202,35184372088832]]]
[193,[671088672],994.157,[[198,162],[199,4226],[200,8210],[201,268697602],[202,35184372088832]]]
[194,[536887312],147.18,[[198,162],[199,4226],[200,8210],[201,268697602],[202,35184372088832]]]
[195,[612368384],50.4327,[[198,162],[199,4226],[200,8210],[201,268697602],[202,35184372088832]]]
[196,[537018368],120.147,[[198,162],[199,4226],[200,8210],[201,268697602],[202,35184372088832]]]
[197,[17592186044416],0,[[198,162],[199,4226],[200,8210],[201,268697602],[202,35184372088832]]]
[198,[162],16.8297,[[203,268959808],[204,224],[205,201326656],[206,134221888],[207,70368744177664]]]
[199,[4226],670.855,[[203,268959808],[204,224],[205,201326656],[206,134221888],[207,70368744177664]]]
[200,[8210],895.292,[[203,268959808],[204,224],[205,201326656],[206,134221888],[207,70368744177664]]]
[201,[268697602],272.535,[[203,268959808],[204,224],[205,201326656],[206,134221888],[207,70368744177664]]]
[202,[35184372088832],0,[[203,268959808],[204,224],[205,201326656],[206,134221888],[207,70368744177664]]]
[203,[268959808],620.602,[[208,393220],[209,67108876],[210,140737488355328]]]
[204,[224],753.947,[[208,393220],[209,67108876],[210,140737488355328]]]
[205,[201326656],969.617,[[208,393220],[209,67108876],[210,140737488355328]]]
[206,[134221888],87.2474,[[208,393220],[209,67108876],[210,140737488355328]]]
[207,[70368744177664],0,[[208,393220],[209,67108876],[210,140737488355328]]]
[208,[393220],273.277,[[211,8519696],[212,75497600],[213,281474976710656]]]
[209,[67108876],781.152,[[211,8519696],[212,75497600],[213,281474976710656]]]
[210,[140737488355328],0,[[211,8519696],[212,75497600],[213,281474976710656]]]
[211,[8519696],225.932,[[214,2415919112],[215,270008320],[216,562949953421312]]]
[212,[75497600],917.127,[[214,2415919112],[215,270008320],[216,562949953421312]]]
[213,[281474976710656],0,[[214,2415919112],[215,270008320],[216,562949953421312]]]
[214,[2415919112],729.586,[[217,134230016],[218,1125899906842624]]]
[215,[270008320],302.28,[[217,134230016],[218,1125899906842624]]]
[216,[562949953421312],0,[[217,134230016],[218,1125899906842624]]]
[217,[134230016],748.565,[]]
[218,[1125899906842624],0,[]]