[0,[0,18014398509481984,274878169088],599.404,[[7,0,0,9007203549839360],[8,0,2147483648,140737488486400],[9,0,0,35184405774336],[10,0,10240,131072],[11,0,34359738368,4325376],[12,2,0,0]]]
[1,[0,18084767253659648,576460752303423488],240.915,[[7,0,0,9007203549839360],[8,0,2147483648,140737488486400],[9,0,0,35184405774336],[10,0,10240,131072],[11,0,34359738368,4325376],[12,2,0,0]]]
[2,[0,18014432869220352,137438953472],54.5895,[[7,0,0,9007203549839360],[8,0,2147483648,140737488486400],[9,0,0,35184405774336],[10,0,10240,131072],[11,0,34359738368,4325376],[12,2,0,0]]]
[3,[0,18014398510530560,1048576],238.109,[[7,0,0,9007203549839360],[8,0,2147483648,140737488486400],[9,0,0,35184405774336],[10,0,10240,131072],[11,0,34359738368,4325376],[12,2,0,0]]]
[4,[0,18014398643699712,288230376151711744],482.679,[[7,0,0,9007203549839360],[8,0,2147483648,140737488486400],[9,0,0,35184405774336],[10,0,10240,131072],[11,0,34359738368,4325376],[12,2,0,0]]]
[5,[0,18018796555993088,2199023255552],644.039,[[7,0,0,9007203549839360],[8,0,2147483648,140737488486400],[9,0,0,35184405774336],[10,0,10240,131072],[11,0,34359738368,4325376],[12,2,0,0]]]
[6,[1,0,0],0,[[7,0,0,9007203549839360],[8,0,2147483648,140737488486400],[9,0,0,35184405774336],[10,0,10240,131072],[11,0,34359738368,4325376],[12,2,0,0]]]
[7,[0,0,9007203549839360],362.833,[[13,0,70368744177664,4194432],[14,0,4573968371548160,562949953421312],[15,0,70377334112256,8589934592],[16,0,70368744177664,32770],[17,4,0,0]]]
[8,[0,2147483648,140737488486400],604.611,[[13,0,70368744177664,4194432],[14,0,4573968371548160,562949953421312],[15,0,70377334112256,8589934592],[16,0,70368744177664,32770],[17,4,0,0]]]
[9,[0,0,35184405774336],400.743,[[13,0,70368744177664,4194432],[14,0,4573968371548160,562949953421312],[15,0,70377334112256,8589934592],[16,0,70368744177664,32770],[17,4,0,0]]]
[10,[0,10240,131072],359.159,[[13,0,70368744177664,4194432],[14,0,4573968371548160,562949953421312],[15,0,70377334112256,8589934592],[16,0,70368744177664,32770],[17,4,0,0]]]
[11,[0,34359738368,4325376],808.108,[[13,0,70368744177664,4194432],[14,0,4573968371548160,562949953421312],[15,0,70377334112256,8589934592],[16,0,70368744177664,32770],[17,4,0,0]]]
[12,[2,0,0],0,[[13,0,70368744177664,4194432],[14,0,4573968371548160,562949953421312],[15,0,70377334112256,8589934592],[16,0,70368744177664,32770],[17,4,0,0]]]
[13,[0,70368744177664,4194432],914.986,[[18,0,0,137439019072],[19,0,0,8454152],[20,0,0,18295873486258176],[21,8,0,0]]]
[14,[0,4573968371548160,562949953421312],88.0966,[[18,0,0,137439019072],[19,0,0,8454152],[20,0,0,18295873486258176],[21,8,0,0]]]
[15,[0,70377334112256,8589934592],599.608,[[18,0,0,137439019072],[19,0,0,8454152],[20,0,0,18295873486258176],[21,8,0,0]]]
[16,[0,70368744177664,32770],294.892,[[18,0,0,137439019072],[19,0,0,8454152],[20,0,0,18295873486258176],[21,8,0,0]]]
[17,[4,0,0],0,[[18,0,0,137439019072],[19,0,0,8454152],[20,0,0,18295873486258176],[21,8,0,0]]]
[18,[0,0,137439019072],800.201,[[22,0,16777728,4294967296],[23,0,512,140741783322624],[24,0,9007199254740992,4299161600],[25,16,0,0]]]
[19,[0,0,8454152],941.969,[[22,0,16777728,4294967296],[23,0,512,140741783322624],[24,0,9007199254740992,4299161600],[25,16,0,0]]]
[20,[0,0,18295873486258176],759,[[22,0,16777728,4294967296],[23,0,512,140741783322624],[24,0,9007199254740992,4299161600],[25,16,0,0]]]
[21,[8,0,0],0,[[22,0,16777728,4294967296],[23,0,512,140741783322624],[24,0,9007199254740992,4299161600],[25,16,0,0]]]
[22,[0,16777728,4294967296],272.797,[[26,0,1152921504615235584,2199023255552],[27,0,17179869184,1128098930098176],[28,0,576460752303424512,2199023255552],[29,32,0,0]]]
[23,[0,512,140741783322624],856.31,[[26,0,1152921504615235584,2199023255552],[27,0,17179869184,1128098930098176],[28,0,576460752303424512,2199023255552],[29,32,0,0]]]
[24,[0,9007199254740992,4299161600],560.622,[[26,0,1152921504615235584,2199023255552],[27,0,17179869184,1128098930098176],[28,0,576460752303424512,2199023255552],[29,32,0,0]]]
[25,[16,0,0],0,[[26,0,1152921504615235584,2199023255552],[27,0,17179869184,1128098930098176],[28,0,576460752303424512,2199023255552],[29,32,0,0]]]
[26,[0,1152921504615235584,2199023255552],265.361,[[30,0,36063981391052800,17592186044416],[31,0,72057594037928000,17592186044416],[32,0,562949953421312,17592454479872],[33,64,0,0]]]
[27,[0,17179869184,1128098930098176],137.088,[[30,0,36063981391052800,17592186044416],[31,0,72057594037928000,17592186044416],[32,0,562949953421312,17592454479872],[33,64,0,0]]]
[28,[0,576460752303424512,2199023255552],834.437,[[30,0,36063981391052800,17592186044416],[31,0,72057594037928000,17592186044416],[32,0,562949953421312,17592454479872],[33,64,0,0]]]
[29,[32,0,0],0,[[30,0,36063981391052800,17592186044416],[31,0,72057594037928000,17592186044416],[32,0,562949953421312,17592454479872],[33,64,0,0]]]
[30,[0,36063981391052800,17592186044416],108.577,[[34,0,2305843009213693952,144115190223339520],[35,0,0,-9079256846631436288],[36,0,4194304,144255925564211200],[37,128,0,0]]]
[31,[0,72057594037928000,17592186044416],235.753,[[34,0,2305843009213693952,144115190223339520],[35,0,0,-9079256846631436288],[36,0,4194304,144255925564211200],[37,128,0,0]]]
[32,[0,562949953421312,17592454479872],611.525,[[34,0,2305843009213693952,144115190223339520],[35,0,0,-9079256846631436288],[36,0,4194304,144255925564211200],[37,128,0,0]]]
[33,[64,0,0],0,[[34,0,2305843009213693952,144115190223339520],[35,0,0,-9079256846631436288],[36,0,4194304,144255925564211200],[37,128,0,0]]]
[34,[0,2305843009213693952,144115190223339520],659.318,[[38,0,4096,18014673387388928],[39,0,17592186048512,34359738368],[40,0,281474976714752,70368744177664],[41,256,0,0]]]
[35,[0,0,-9079256846631436288],480.442,[[38,0,4096,18014673387388928],[39,0,17592186048512,34359738368],[40,0,281474976714752,70368744177664],[41,256,0,0]]]
[36,[0,4194304,144255925564211200],132.175,[[38,0,4096,18014673387388928],[39,0,17592186048512,34359738368],[40,0,281474976714752,70368744177664],[41,256,0,0]]]
[37,[128,0,0],0,[[38,0,4096,18014673387388928],[39,0,17592186048512,34359738368],[40,0,281474976714752,70368744177664],[41,256,0,0]]]
[38,[0,4096,18014673387388928],799.717,[[42,0,137438986240,8796093022208],[43,0,32768,1108101562368],[44,0,562949953454080,34359738368],[45,512,0,0]]]
[39,[0,17592186048512,34359738368],328.354,[[42,0,137438986240,8796093022208],[43,0,32768,1108101562368],[44,0,562949953454080,34359738368],[45,512,0,0]]]
[40,[0,281474976714752,70368744177664],142.368,[[42,0,137438986240,8796093022208],[43,0,32768,1108101562368],[44,0,562949953454080,34359738368],[45,512,0,0]]]
[41,[256,0,0],0,[[42,0,137438986240,8796093022208],[43,0,32768,1108101562368],[44,0,562949953454080,34359738368],[45,512,0,0]]]
[42,[0,137438986240,8796093022208],799.559,[[46,0,2267742732288,32],[47,0,8796093038592,32],[48,1024,0,0]]]
[43,[0,32768,1108101562368],676.367,[[46,0,2267742732288,32],[47,0,8796093038592,32],[48,1024,0,0]]]
[44,[0,562949953454080,34359738368],954.772,[[46,0,2267742732288,32],[47,0,8796093038592,32],[48,1024,0,0]]]
[45,[512,0,0],0,[[46,0,2267742732288,32],[47,0,8796093038592,32],[48,1024,0,0]]]
[46,[0,2267742732288,32],548.347,[[49,0,2199023255616,128],[50,0,64,130],[51,2048,0,0]]]
[47,[0,8796093038592,32],840.369,[[49,0,2199023255616,128],[50,0,64,130],[51,2048,0,0]]]
[48,[1024,0,0],0,[[49,0,2199023255616,128],[50,0,64,130],[51,2048,0,0]]]
[49,[0,2199023255616,128],651.163,[[52,0,288230376151711746,33554432],[53,0,2251799815782400,33554432],[54,4096,0,0]]]
[50,[0,64,130],636.488,[[52,0,288230376151711746,33554432],[53,0,2251799815782400,33554432],[54,4096,0,0]]]
[51,[2048,0,0],0,[[52,0,288230376151711746,33554432],[53,0,2251799815782400,33554432],[54,4096,0,0]]]
[52,[0,288230376151711746,33554432],705.431,[[55,0,1125899906842624,17184063488],[56,0,167772160,17179869184],[57,8192,0,0]]]
[53,[0,2251799815782400,33554432],704.447,[[55,0,1125899906842624,17184063488],[56,0,167772160,17179869184],[57,8192,0,0]]]
[54,[4096,0,0],0,[[55,0,1125899906842624,17184063488],[56,0,167772160,17179869184],[57,8192,0,0]]]
[55,[0,1125899906842624,17184063488],449.736,[[58,0,16777216,324259173170675712],[59,0,131072,288230376168488960],[60,16384,0,0]]]
[56,[0,167772160,17179869184],773.065,[[58,0,16777216,324259173170675712],[59,0,131072,288230376168488960],[60,16384,0,0]]]
[57,[8192,0,0],0,[[58,0,16777216,324259173170675712],[59,0,131072,288230376168488960],[60,16384,0,0]]]
[58,[0,16777216,324259173170675712],182.372,[[61,0,281474976710664,576460752303423488],[62,0,-9223372036854710272,576460752303423488],[63,32768,0,0]]]
[59,[0,131072,288230376168488960],309.646,[[61,0,281474976710664,576460752303423488],[62,0,-9223372036854710272,576460752303423488],[63,32768,0,0]]]
[60,[16384,0,0],0,[[61,0,281474976710664,576460752303423488],[62,0,-9223372036854710272,576460752303423488],[63,32768,0,0]]]
[61,[0,281474976710664,576460752303423488],703.856,[[64,0,576460753377165312,2251799813685248],[65,0,36028798092705792,72057594037927936],[66,65536,0,0]]]
[62,[0,-9223372036854710272,576460752303423488],69.4717,[[64,0,576460753377165312,2251799813685248],[65,0,36028798092705792,72057594037927936],[66,65536,0,0]]]
[63,[32768,0,0],0,[[64,0,576460753377165312,2251799813685248],[65,0,36028798092705792,72057594037927936],[66,65536,0,0]]]
[64,[0,576460753377165312,2251799813685248],673.276,[[67,0,4503599627370496,18014398509483008],[68,0,-9218868437227405312,256],[69,131072,0,0]]]
[65,[0,36028798092705792,72057594037927936],786.905,[[67,0,4503599627370496,18014398509483008],[68,0,-9218868437227405312,256],[69,131072,0,0]]]
[66,[65536,0,0],0,[[67,0,4503599627370496,18014398509483008],[68,0,-9218868437227405312,256],[69,131072,0,0]]]
[67,[0,4503599627370496,18014398509483008],308.189,[[70,0,4398046511104,70368744177668],[71,262144,0,0]]]
[68,[0,-9218868437227405312,256],305.65,[[70,0,4398046511104,70368744177668],[71,262144,0,0]]]
[69,[131072,0,0],0,[[70,0,4398046511104,70368744177668],[71,262144,0,0]]]
[70,[0,4398046511104,70368744177668],652.698,[[72,0,68157440,8],[73,524288,0,0]]]
[71,[262144,0,0],0,[[72,0,68157440,8],[73,524288,0,0]]]
[72,[0,68157440,8],932.733,[[74,0,0,8913408],[75,1048576,0,0]]]
[73,[524288,0,0],0,[[74,0,0,8913408],[75,1048576,0,0]]]
[74,[0,0,8913408],472.622,[[76,0,16908288,262144],[77,2097152,0,0]]]
[75,[1048576,0,0],0,[[76,0,16908288,262144],[77,2097152,0,0]]]
[76,[0,16908288,262144],687.961,[[78,0,17592188141568,134217728],[79,4194304,0,0]]]
[77,[2097152,0,0],0,[[78,0,17592188141568,134217728],[79,4194304,0,0]]]
[78,[0,17592188141568,134217728],832.779,[[80,0,2,1154047404513689600],[81,8388608,0,0]]]
[79,[4194304,0,0],0,[[80,0,2,1154047404513689600],[81,8388608,0,0]]]
[80,[0,2,1154047404513689600],88.3963,[[82,0,36028797018980360,0],[83,16777216,0,0]]]
[81,[8388608,0,0],0,[[82,0,36028797018980360,0],[83,16777216,0,0]]]
[82,[0,36028797018980360,0],773.632,[[84,0,73183494213206016,0],[85,33554432,0,0]]]
[83,[16777216,0,0],0,[[84,0,73183494213206016,0],[85,33554432,0,0]]]
[84,[0,73183494213206016,0],483.045,[]]
[85,[33554432,0,0],0,[]]